	time	frame	subF	1stSym	symbol#	cellId	rnti	ccId	tbSize	mcs	rv	SINR(dB)	corrupt	TBler
DL	0.00311248	3	1	1	2	1	1	0	9	0	0	-20.1739	 	1	0.999999
DL	0.0031208	3	1	3	2	1	2	0	9	0	0	9.23521	 	0	0
DL	0.00312496	3	1	5	1	1	3	0	3	0	0	8.51122	 	0	0
DL	0.00312912	3	1	6	1	1	4	0	3	0	0	8.43155	 	0	0
DL	0.00313328	3	1	7	1	1	5	0	3	0	0	40.5589	 	0	0
DL	0.00313744	3	1	8	1	1	6	0	3	0	0	5.74713	 	0	0
DL	0.0031416	3	1	9	1	1	7	0	3	0	0	-3.85746	 	0	0.108939
DL	0.00314576	3	1	10	1	1	8	0	3	0	0	8.5446	 	0	0
DL	0.00314992	3	1	11	1	1	9	0	3	0	0	1.60454	 	0	0
DL	0.00315408	3	1	12	1	1	10	0	3	0	0	4.13743	 	0	0
DL	0.00315824	3	1	13	1	1	11	0	3	0	0	10.7069	 	0	0
DL	0.0031624	3	1	14	1	1	12	0	3	0	0	38.8414	 	0	0
DL	0.00316656	3	1	15	1	1	13	0	3	0	0	16.7579	 	0	0
DL	0.00317072	3	1	16	1	1	14	0	3	0	0	9.15456	 	0	0
DL	0.00317488	3	1	17	1	1	15	0	3	0	0	9.53954	 	0	0
DL	0.00317904	3	1	18	1	1	16	0	3	0	0	4.01859	 	0	0
DL	0.0031832	3	1	19	1	1	17	0	3	0	0	25.8902	 	0	0
DL	0.00318736	3	1	20	1	1	18	0	3	0	0	8.14698	 	0	0
DL	0.00319152	3	1	21	1	1	19	0	3	0	0	-6.50596	 	1	0.874678
DL	0.00319568	3	1	22	1	1	20	0	3	0	0	23.8216	 	0	0
DL	0.00322496	3	2	1	5	1	1	0	29	0	0	-20.1779	 	1	1
DL	0.00324576	3	2	6	5	1	2	0	29	0	0	9.25486	 	0	0
DL	0.00360832	3	6	1	1	1	19	0	3	0	1	-6.70487	 	0	0.0195268
DL	0.00361664	3	6	2	2	1	1	0	9	0	1	-20.1961	 	1	0.999989
DL	0.00372496	3	7	1	5	1	1	0	29	0	1	-20.2009	 	1	1
UL	0.00382912	3	8	1	6	1	2	0	35	0	0	8.78725 	0	0
DL	0.00411248	4	1	1	2	1	1	0	9	0	2	-20.2228	 	1	0.999952
DL	0.00422496	4	2	1	5	1	1	0	29	0	2	-20.2287	 	1	1
DL	0.00431248	4	3	1	2	1	2	0	152	14	0	9.08393	 	0	0
DL	0.00461248	4	6	1	2	1	1	0	9	0	3	-20.2539	 	1	0.993004
DL	0.00472496	4	7	1	5	1	1	0	29	0	3	-20.2605	 	1	0.997325
UL	0.00490832	4	9	1	1	1	2	0	84	15	0	8.40206 	0	1.05247e-05
DL	0.00540832	5	4	1	1	1	2	0	94	16	0	8.484	 	1	0.948232
DL	0.00590832	5	9	1	1	1	2	0	94	16	1	8.26448	 	0	0
DL	0.0231374	23	1	1	8	1	2	0	48	0	0	8.84271	 	0	0
UL	0.0237125	23	7	1	2	2	2	1	35	0	0	-8.13918 	1	0.987539
UL	0.0237291	23	7	1	6	1	2	0	35	0	0	8.76049 	0	0
UL	0.0240125	24	0	1	2	2	2	1	35	0	1	-8.22613 	0	7.75888e-07
DL	0.0242125	24	2	1	2	1	2	0	116	12	0	8.55517	 	0	0
UL	0.0248083	24	8	1	1	1	2	0	84	15	0	8.85968 	0	0.00281898
UL	0.0268083	26	8	1	1	1	2	0	84	15	0	9.07883 	0	0.000990476
DL	0.0273083	27	3	1	1	1	2	0	74	14	0	9.32441	 	0	7.11659e-10
UL	0.0340125	34	0	1	2	2	2	1	35	0	0	-7.88108 	1	0.971088
UL	0.0343125	34	3	1	2	2	2	1	35	0	1	-7.83579 	0	5.3753e-09
DL	0.103612	103	6	1	2	1	21	0	9	0	0	-31.1092	 	1	1
DL	0.103621	103	6	3	2	1	22	0	9	0	0	-1.83236	 	0	7.49992e-06
DL	0.103629	103	6	5	2	1	23	0	9	0	0	-4.34988	 	1	0.181415
DL	0.103633	103	6	7	1	1	24	0	3	0	0	37.0576	 	0	0
DL	0.103637	103	6	8	1	1	25	0	3	0	0	3.84811	 	0	0
DL	0.103642	103	6	9	1	1	26	0	3	0	0	-6.92232	 	1	0.929374
DL	0.103646	103	6	10	1	1	27	0	3	0	0	5.00244	 	0	0
DL	0.10365	103	6	11	1	1	28	0	3	0	0	1.4522	 	0	0
DL	0.103654	103	6	12	1	1	29	0	3	0	0	-4.59063	 	0	0.135644
DL	0.103658	103	6	13	1	1	30	0	3	0	0	-3.19616	 	0	0.00126952
DL	0.103662	103	6	14	1	1	31	0	3	0	0	49.2917	 	0	0
DL	0.103667	103	6	15	1	1	32	0	3	0	0	18.0093	 	0	0
DL	0.103671	103	6	16	1	1	33	0	3	0	0	5.23736	 	0	0
DL	0.103675	103	6	17	1	1	34	0	3	0	0	6.30704	 	0	0
DL	0.103679	103	6	18	1	1	35	0	3	0	0	-0.743789	 	0	9.71638e-10
DL	0.103683	103	6	19	1	1	36	0	3	0	0	24.8277	 	0	0
DL	0.103687	103	6	20	1	1	37	0	3	0	0	-1.73372	 	0	1.87525e-06
DL	0.103692	103	6	21	1	1	38	0	3	0	0	-8.84602	 	1	0.995213
DL	0.103696	103	6	22	1	1	39	0	3	0	0	22.6403	 	0	0
DL	0.103725	103	7	1	5	1	21	0	29	0	0	-31.1061	 	1	1
DL	0.103746	103	7	6	5	1	22	0	29	0	0	-1.88104	 	0	0
DL	0.103767	103	7	11	5	1	23	0	29	0	0	-4.37233	 	0	1.6274e-06
DL	0.104108	104	1	1	1	1	26	0	3	0	1	-8.0389	 	0	0.157651
DL	0.104112	104	1	2	1	1	38	0	3	0	1	-8.71037	 	0	0.603552
DL	0.104121	104	1	3	2	1	21	0	9	0	1	-31.0917	 	1	0.999994
DL	0.104129	104	1	5	2	1	23	0	9	0	1	-4.4261	 	0	5.62815e-09
DL	0.104225	104	2	1	5	1	21	0	29	0	1	-31.0881	 	1	1
UL	0.104329	104	3	1	6	1	22	0	35	0	0	-1.20534 	0	0
UL	0.104354	104	3	7	6	1	23	0	35	0	0	2.85728 	0	0
DL	0.104612	104	6	1	2	1	21	0	9	0	2	-31.0708	 	1	0.999978
DL	0.104725	104	7	1	5	1	21	0	29	0	2	-31.0661	 	1	1
DL	0.104842	104	8	1	9	1	22	0	77	2	0	-1.7036	 	0	0
DL	0.105112	105	1	1	2	1	21	0	9	0	3	-31.0459	 	1	0.998189
DL	0.105225	105	2	1	5	1	21	0	29	0	3	-31.0405	 	1	0.999924
UL	0.105417	105	4	1	3	1	22	0	43	4	0	-1.60833 	0	0.0136439
DL	0.105908	105	9	1	1	1	22	0	12	4	0	-1.71865	 	0	0.0516197
UL	0.106608	106	6	1	1	1	23	0	38	9	0	2.42865 	0	0.243196
UL	0.108908	108	9	1	1	1	23	0	32	8	0	1.86632 	0	0.280269
UL	0.111212	111	2	1	2	1	23	0	56	7	0	1.20679 	0	0.104467
UL	0.113512	113	5	1	2	1	23	0	45	6	0	0.508005 	0	0.00991999
DL	0.114458	114	4	1	13	1	23	0	81	0	0	-0.965286	 	0	0
UL	0.115012	115	0	1	2	1	23	0	45	6	0	0.0652243 	0	0.112477
DL	0.115508	115	5	1	1	1	23	0	12	4	0	-0.572246	 	0	0.00915036
DL	0.123621	123	6	1	4	1	23	0	58	4	0	1.43787	 	0	0
DL	0.123654	123	6	5	8	1	22	0	48	0	0	-1.22113	 	0	0
UL	0.124212	124	2	1	2	2	22	1	35	0	0	-16.6693 	1	1
UL	0.124212	124	2	1	2	1	23	0	35	5	0	-1.9924 	1	0.817023
UL	0.124221	124	2	3	2	2	23	1	35	0	0	-14.5423 	1	1
UL	0.124237	124	2	3	6	1	22	0	35	0	0	-1.5996 	0	0
UL	0.124512	124	5	1	2	2	22	1	35	0	1	-16.6772 	1	1
UL	0.124512	124	5	1	2	1	23	0	35	5	1	-2.05722 	0	2.77556e-16
UL	0.124521	124	5	3	2	2	23	1	35	0	1	-14.5423 	1	1
DL	0.124725	124	7	1	5	1	22	0	73	4	0	-1.63181	 	0	0.000617925
UL	0.124812	124	8	1	2	2	22	1	35	0	2	-16.6222 	1	1
UL	0.124821	124	8	3	2	2	23	1	35	0	2	-14.5444 	1	0.999956
DL	0.125017	125	0	1	3	1	23	0	69	6	0	1.71728	 	0	3.05311e-15
UL	0.125112	125	1	1	2	2	22	1	35	0	3	-16.6212 	0	0.64999
UL	0.125121	125	1	3	2	2	23	1	35	0	3	-14.5483 	0	6.87382e-08
UL	0.125317	125	3	1	3	1	22	0	43	4	0	-1.33299 	0	0.000350803
UL	0.125617	125	6	1	3	1	23	0	33	3	0	-2.30451 	0	0.000853516
DL	0.126108	126	1	1	1	1	23	0	21	6	0	1.93372	 	0	7.25512e-10
UL	0.127317	127	3	1	3	1	22	0	43	4	0	-1.75403 	0	0.00444642
DL	0.127808	127	8	1	1	1	22	0	12	4	0	-2.20931	 	0	0.318541
UL	0.134512	134	5	1	2	2	22	1	35	0	0	-16.6725 	1	1
UL	0.134521	134	5	3	2	2	23	1	35	0	0	-14.4209 	1	1
UL	0.134812	134	8	1	2	2	22	1	35	0	1	-16.6946 	1	1
UL	0.134821	134	8	3	2	2	23	1	35	0	1	-14.4208 	1	1
UL	0.135112	135	1	1	2	2	22	1	35	0	2	-16.6207 	1	1
UL	0.135121	135	1	3	2	2	23	1	35	0	2	-14.4221 	1	0.999935
UL	0.135412	135	4	1	2	2	22	1	35	0	3	-16.6284 	1	0.623117
UL	0.135421	135	4	3	2	2	23	1	35	0	3	-14.4246 	0	1.8617e-08
