Tx 0.003 1 1 0 12 
Tx 0.003 1 2 0 12 
Rx 0.00344576 1 2 0 12 445759
Tx 0.0041 1 2 1 2 
Tx 0.0041 1 2 1 55 
Tx 0.0052 1 2 1 2 
Rx 0.00610832 1 2 1 2 0
Tx 0.0229 1 2 1 33 
Rx 0.0233374 1 2 1 33 437439
Tx 0.024 1 2 1 2 
Tx 0.024 1 2 1 44 
Rx 0.0244125 1 2 1 2 0
Rx 0.0244125 1 2 1 44 412479
Tx 0.0271 1 2 1 2 
Rx 0.0275083 1 2 1 2 0
Tx 0.1035 1 21 0 12 
Tx 0.1035 1 22 0 12 
Tx 0.1035 1 23 0 12 
Rx 0.103946 1 22 0 12 445759
Rx 0.103946 1 22 0 12 445759
Rx 0.103967 1 23 0 12 466559
Rx 0.103967 1 23 0 12 466559
Tx 0.1046 1 22 1 2 
Tx 0.1046 1 22 1 55 
Tx 0.1057 1 22 1 2 
Rx 0.106108 1 22 1 2 0
Tx 0.1142 1 23 1 2 
Tx 0.1142 1 23 1 55 
Tx 0.1153 1 23 1 2 
Rx 0.115708 1 23 1 2 0
Tx 0.1234 1 23 1 33 
Tx 0.1234 1 22 1 33 
Rx 0.123821 1 23 1 33 420799
Rx 0.123854 1 22 1 33 454079
Tx 0.1245 1 22 1 2 
Tx 0.1245 1 22 1 44 
Tx 0.1248 1 23 1 2 
Tx 0.1248 1 23 1 44 
Rx 0.124925 1 22 1 2 0
Rx 0.124925 1 22 1 44 424959
Rx 0.125217 1 23 1 2 0
Rx 0.125217 1 23 1 44 416639
Tx 0.1259 1 23 1 2 
Rx 0.126308 1 23 1 2 0
Tx 0.1276 1 22 1 2 
Rx 0.128008 1 22 1 2 0
