Tx 0.0029 1 1 0 12 
Tx 0.0029 1 2 0 12 
Tx 0.0029 1 3 0 12 
Tx 0.0029 1 4 0 12 
Tx 0.0029 1 5 0 12 
Tx 0.0029 1 6 0 12 
Tx 0.0029 1 7 0 12 
Tx 0.0029 1 8 0 12 
Tx 0.0029 1 9 0 12 
Tx 0.0029 1 10 0 12 
Tx 0.0029 1 11 0 12 
Tx 0.0029 1 12 0 12 
Tx 0.0029 1 13 0 12 
Tx 0.0029 1 14 0 12 
Tx 0.0029 1 15 0 12 
Tx 0.0029 1 16 0 12 
Tx 0.0029 1 17 0 12 
Tx 0.0029 1 18 0 12 
Tx 0.0029 1 19 0 12 
Tx 0.0029 1 20 0 12 
Rx 0.0033208 1 2 0 12 420799
Rx 0.00332496 1 3 0 12 424959
Rx 0.00332912 1 4 0 12 429119
Rx 0.00333328 1 5 0 12 433279
Rx 0.00333744 1 6 0 12 437439
Rx 0.00334576 1 8 0 12 445759
Rx 0.00334992 1 9 0 12 449919
Rx 0.00335408 1 10 0 12 454079
Rx 0.00335824 1 11 0 12 458239
Rx 0.0033624 1 12 0 12 462399
Rx 0.00336656 1 13 0 12 466559
Rx 0.00337072 1 14 0 12 470719
Rx 0.00337488 1 15 0 12 474879
Rx 0.00337904 1 16 0 12 479039
Rx 0.0033832 1 17 0 12 483199
Rx 0.00338736 1 18 0 12 487359
Rx 0.00339568 1 20 0 12 495679
Tx 0.004 1 2 1 2 
Tx 0.004 1 3 1 2 
Tx 0.004 1 4 1 2 
Tx 0.004 1 5 1 2 
Tx 0.004 1 6 1 2 
Tx 0.004 1 8 1 2 
Tx 0.004 1 10 1 2 
Tx 0.004 1 11 1 2 
Tx 0.004 1 12 1 2 
Tx 0.004 1 13 1 2 
Tx 0.004 1 14 1 2 
Tx 0.004 1 15 1 2 
Tx 0.004 1 16 1 2 
Tx 0.004 1 17 1 2 
Tx 0.004 1 18 1 2 
Tx 0.004 1 20 1 2 
Rx 0.00431664 1 7 0 12 1416639
Rx 0.0043208 1 19 0 12 1420799
Tx 0.0132 1 9 1 2 
Tx 0.0142 1 7 1 2 
Tx 0.0142 1 19 1 2 
Tx 0.0229 1 2 1 33 
Tx 0.0229 1 3 1 33 
Tx 0.0229 1 4 1 33 
Tx 0.0229 1 5 1 33 
Tx 0.0229 1 6 1 33 
Tx 0.0229 1 8 1 20 
Tx 0.0229 1 9 1 30 
Tx 0.0229 1 10 1 20 
Tx 0.0229 1 11 1 20 
Tx 0.0229 1 12 1 20 
Tx 0.0229 1 13 1 20 
Tx 0.0229 1 14 1 20 
Tx 0.0229 1 15 1 20 
Tx 0.0229 1 16 1 20 
Tx 0.0229 1 17 1 20 
Tx 0.0229 1 18 1 20 
Tx 0.0229 1 20 1 20 
Tx 0.023 1 8 1 17 
Tx 0.023 1 9 1 7 
Tx 0.023 1 10 1 17 
Tx 0.023 1 11 1 17 
Tx 0.023 1 12 1 17 
Tx 0.023 1 13 1 17 
Tx 0.023 1 14 1 17 
Tx 0.023 1 15 1 17 
Tx 0.023 1 16 1 17 
Tx 0.023 1 17 1 17 
Tx 0.023 1 18 1 17 
Tx 0.023 1 20 1 17 
Tx 0.024 1 18 1 2 
Tx 0.024 1 18 1 44 
Tx 0.024 1 20 1 2 
Tx 0.024 1 20 1 44 
Tx 0.024 1 2 1 2 
Tx 0.024 1 2 1 44 
Tx 0.024 1 3 1 2 
Tx 0.024 1 3 1 44 
Tx 0.024 1 4 1 2 
Tx 0.024 1 4 1 44 
Tx 0.024 1 5 1 2 
Tx 0.024 1 5 1 44 
Tx 0.024 1 6 1 2 
Tx 0.024 1 6 1 44 
Tx 0.024 1 8 1 2 
Tx 0.024 1 8 1 44 
Tx 0.024 1 9 1 2 
Tx 0.024 1 9 1 44 
Tx 0.024 1 10 1 2 
Tx 0.024 1 10 1 44 
Tx 0.024 1 11 1 2 
Tx 0.024 1 11 1 44 
Tx 0.024 1 12 1 2 
Tx 0.024 1 12 1 44 
Tx 0.024 1 13 1 2 
Tx 0.024 1 13 1 44 
Tx 0.024 1 14 1 2 
Tx 0.024 1 14 1 44 
Tx 0.024 1 15 1 2 
Tx 0.024 1 15 1 44 
Tx 0.024 1 16 1 2 
Tx 0.024 1 16 1 44 
Tx 0.024 1 17 1 2 
Tx 0.024 1 17 1 44 
Rx 0.0244083 1 18 1 2 0
Rx 0.0244083 1 18 1 44 408319
Rx 0.0244125 1 20 1 2 0
Rx 0.0244125 1 20 1 44 412479
Rx 0.0244166 1 2 1 2 0
Rx 0.0244166 1 2 1 44 416639
Rx 0.0244208 1 3 1 2 0
Rx 0.0244208 1 3 1 44 420799
Rx 0.024425 1 4 1 2 0
Rx 0.024425 1 4 1 44 424959
Rx 0.0244291 1 5 1 2 0
Rx 0.0244291 1 5 1 44 429119
Rx 0.0244333 1 6 1 2 0
Rx 0.0244333 1 6 1 44 433279
Rx 0.0244374 1 8 1 2 0
Rx 0.0244374 1 8 1 44 437439
Rx 0.0244458 1 9 1 2 0
Rx 0.0244458 1 9 1 44 445759
Rx 0.0244541 1 10 1 2 0
Rx 0.0244541 1 10 1 44 454079
Rx 0.0244582 1 11 1 2 0
Rx 0.0244582 1 11 1 44 458239
Rx 0.0244624 1 12 1 2 0
Rx 0.0244624 1 12 1 44 462399
Rx 0.0244666 1 13 1 2 0
Rx 0.0244666 1 13 1 44 466559
Rx 0.0244707 1 14 1 2 0
Rx 0.0244707 1 14 1 44 470719
Rx 0.0244749 1 15 1 2 0
Rx 0.0244749 1 15 1 44 474879
Rx 0.0244832 1 16 1 2 0
Rx 0.0244832 1 16 1 44 483199
Rx 0.0244874 1 17 1 2 0
Rx 0.0244874 1 17 1 44 487359
Tx 0.0255 1 7 1 2 
Tx 0.0255 1 7 1 33 
Tx 0.026 1 19 1 2 
Tx 0.026 1 19 1 33 
Tx 0.0271 1 2 1 2 
Tx 0.0271 1 3 1 2 
Tx 0.0271 1 4 1 2 
Tx 0.0271 1 5 1 2 
Tx 0.0271 1 6 1 2 
Tx 0.0271 1 8 1 2 
Tx 0.0271 1 9 1 2 
Tx 0.0271 1 10 1 2 
Tx 0.0271 1 11 1 2 
Tx 0.0271 1 12 1 2 
Tx 0.0271 1 13 1 2 
Tx 0.0271 1 14 1 2 
Tx 0.0271 1 15 1 2 
Tx 0.0271 1 16 1 2 
Tx 0.0271 1 17 1 2 
Tx 0.0271 1 18 1 2 
Tx 0.0271 1 20 1 2 
Rx 0.0275083 1 2 1 2 0
Rx 0.0275125 1 3 1 2 0
Rx 0.0275166 1 4 1 2 0
Rx 0.0275208 1 5 1 2 0
Rx 0.027525 1 6 1 2 0
Rx 0.0275291 1 8 1 2 0
Rx 0.0275333 1 9 1 2 0
Rx 0.0275374 1 10 1 2 0
Rx 0.0275416 1 11 1 2 0
Rx 0.0275458 1 12 1 2 0
Rx 0.0275499 1 13 1 2 0
Rx 0.0275541 1 14 1 2 0
Rx 0.0275582 1 15 1 2 0
Rx 0.0275624 1 16 1 2 0
Rx 0.0275666 1 17 1 2 0
Rx 0.0275707 1 18 1 2 0
Rx 0.0280083 1 20 1 2 0
Tx 0.0363 1 7 1 2 
Tx 0.0363 1 7 1 44 
Rx 0.0372166 1 7 1 2 0
Rx 0.0372166 1 7 1 44 916639
Tx 0.0373 1 19 1 2 
Tx 0.0373 1 19 1 44 
Rx 0.0387166 1 19 1 2 0
Rx 0.0387166 1 19 1 44 1416639
Tx 0.0471 1 7 1 2 
Rx 0.0480166 1 7 1 2 0
Rx 0.0480166 1 7 1 44 0
Tx 0.0486 1 19 1 2 
Rx 0.0500083 1 19 1 2 0
Tx 0.0588 1 7 1 2 
Rx 0.0597083 1 7 1 2 0
Tx 0.1034 1 21 0 12 
Tx 0.2079 1 22 0 12 
Tx 0.3011 1 2 4 46 
Tx 0.3011 1 3 4 46 
Tx 0.3011 1 4 4 46 
Tx 0.3011 1 5 4 20 
Tx 0.3011 1 6 4 20 
Tx 0.3011 1 7 4 20 
Tx 0.3011 1 8 4 20 
Tx 0.3011 1 9 4 20 
Tx 0.3011 1 10 4 20 
Tx 0.3011 1 11 5 20 
Tx 0.3011 1 12 5 20 
Tx 0.3011 1 13 5 20 
Tx 0.3011 1 14 5 20 
Tx 0.3011 1 15 5 20 
Tx 0.3011 1 16 5 20 
Tx 0.3011 1 17 5 20 
Tx 0.3011 1 18 5 20 
Tx 0.3011 1 19 5 20 
Tx 0.3011 1 20 5 20 
Tx 0.3012 1 5 4 46 
Tx 0.3012 1 6 4 46 
Tx 0.3012 1 7 4 46 
Tx 0.3012 1 8 4 20 
Tx 0.3012 1 9 4 20 
Tx 0.3012 1 10 4 20 
Tx 0.3012 1 11 5 20 
Tx 0.3012 1 12 5 20 
Tx 0.3012 1 13 5 20 
Tx 0.3012 1 14 5 20 
Tx 0.3012 1 15 5 20 
Tx 0.3012 1 16 5 20 
Tx 0.3012 1 17 5 20 
Tx 0.3012 1 18 5 20 
Tx 0.3012 1 19 5 20 
Tx 0.3012 1 20 5 20 
Tx 0.3012 1 2 4 20 
Tx 0.3012 1 3 4 20 
Tx 0.3012 1 4 4 20 
Tx 0.3013 1 8 4 46 
Tx 0.3013 1 9 4 46 
Tx 0.3013 1 10 4 46 
Tx 0.3013 1 11 5 20 
Tx 0.3013 1 12 5 20 
Tx 0.3013 1 13 5 20 
Tx 0.3013 1 14 5 20 
Tx 0.3013 1 15 5 20 
Tx 0.3013 1 16 5 20 
Tx 0.3013 1 17 5 20 
Tx 0.3013 1 18 5 20 
Tx 0.3013 1 19 5 20 
Tx 0.3013 1 20 5 20 
Tx 0.3013 1 2 4 20 
Tx 0.3013 1 3 4 20 
Tx 0.3013 1 4 4 20 
Tx 0.3013 1 5 4 20 
Tx 0.3013 1 6 4 20 
Tx 0.3013 1 7 4 20 
Tx 0.3014 1 2 4 118 
Tx 0.3014 1 3 4 66 
Tx 0.3014 1 4 4 66 
Tx 0.3014 1 5 4 976 
Tx 0.3014 1 6 4 66 
Tx 0.3014 1 8 4 279 
Tx 0.3014 1 12 5 1002 
Tx 0.3014 1 13 5 1002 
Tx 0.3014 1 14 5 118 
Tx 0.3014 1 15 5 188 
Tx 0.3014 1 17 5 431 
Tx 0.3014 1 20 5 431 
Tx 0.3015 1 17 5 573 
Tx 0.3015 1 20 5 573 
Tx 0.3015 1 2 4 178 
Tx 0.3015 1 3 4 101 
Tx 0.3015 1 4 4 72 
Tx 0.3015 1 6 4 178 
Tx 0.3015 1 8 4 279 
Tx 0.3015 1 14 5 118 
Tx 0.3015 1 15 5 188 
Rx 0.301512 1 2 4 46 412479
Rx 0.301521 1 3 4 46 420799
Rx 0.301529 1 4 4 46 429119
Rx 0.301533 1 5 4 20 433279
Rx 0.301537 1 6 4 20 437439
Rx 0.301546 1 8 4 20 445759
Rx 0.30155 1 9 4 20 449919
Rx 0.301562 1 12 5 20 462399
Rx 0.301567 1 13 5 20 466559
Rx 0.301571 1 14 5 20 470719
Rx 0.301575 1 15 5 20 474879
Rx 0.301583 1 17 5 20 483199
Rx 0.301596 1 20 5 20 495679
Tx 0.3016 1 8 4 421 
Tx 0.3016 1 14 5 178 
Tx 0.3016 1 15 5 188 
Tx 0.3016 1 2 4 118 
Tx 0.3016 1 3 4 66 
Tx 0.3016 1 4 4 46 
Tx 0.3016 1 6 4 66 
Rx 0.301612 1 5 4 46 412479
Rx 0.301621 1 6 4 46 420799
Rx 0.301633 1 8 4 20 433279
Rx 0.301637 1 9 4 20 437439
Rx 0.30165 1 12 5 20 449919
Rx 0.301654 1 13 5 20 454079
Rx 0.301658 1 14 5 20 458239
Rx 0.301662 1 15 5 20 462399
Rx 0.301667 1 16 5 20 466559
Rx 0.301671 1 17 5 20 470719
Rx 0.301683 1 20 5 20 483199
Rx 0.301687 1 2 4 20 487359
Rx 0.301692 1 3 4 20 491519
Rx 0.301696 1 4 4 20 495679
Tx 0.3017 1 15 5 285 
Tx 0.3017 1 2 4 285 
Tx 0.3017 1 3 4 101 
Tx 0.3017 1 4 4 66 
Tx 0.3017 1 6 4 118 
Tx 0.3017 1 8 4 3 
Tx 0.3017 1 14 5 118 
Rx 0.301712 1 8 4 46 412479
Rx 0.301721 1 9 4 46 420799
Rx 0.301737 1 12 5 20 437439
Rx 0.301742 1 13 5 20 441599
Rx 0.301746 1 14 5 20 445759
Rx 0.30175 1 15 5 20 449919
Rx 0.301758 1 17 5 20 458239
Rx 0.301762 1 18 5 20 462399
Rx 0.301771 1 20 5 20 470719
Rx 0.301775 1 2 4 20 474879
Rx 0.301779 1 3 4 20 479039
Rx 0.301783 1 4 4 20 483199
Rx 0.301787 1 5 4 20 487359
Rx 0.301792 1 6 4 20 491519
Tx 0.3018 1 4 4 101 
Tx 0.3018 1 6 4 178 
Tx 0.3018 1 14 5 178 
Tx 0.3018 1 15 5 161 
Tx 0.3018 1 2 4 285 
Tx 0.3018 1 3 4 66 
Rx 0.301812 1 2 4 118 412479
Rx 0.301821 1 3 4 66 420799
Rx 0.301829 1 4 4 66 429119
Rx 0.301837 1 5 4 976 437439
Rx 0.301846 1 6 4 66 445759
Rx 0.301854 1 8 4 279 454079
Rx 0.301862 1 12 5 1002 462399
Rx 0.301871 1 13 5 1002 470719
Rx 0.301879 1 14 5 118 479039
Rx 0.301887 1 15 5 188 487359
Rx 0.301892 1 17 5 431 491519
Rx 0.301896 1 20 5 431 495679
Tx 0.3019 1 3 4 207 
Tx 0.3019 1 4 4 207 
Tx 0.3019 1 6 4 301 
Tx 0.3019 1 14 5 301 
Rx 0.301912 1 17 5 573 412479
Rx 0.301921 1 20 5 573 420799
Rx 0.301933 1 2 4 178 433279
Rx 0.301946 1 3 4 101 445759
Rx 0.301958 1 4 4 72 458239
Rx 0.301971 1 6 4 178 470719
Rx 0.301979 1 8 4 279 479039
Rx 0.301987 1 14 5 118 487359
Rx 0.301996 1 15 5 188 495679
Tx 0.302 1 6 4 81 
Tx 0.302 1 14 5 3 
Tx 0.302 1 3 4 314 
Tx 0.302 1 4 4 314 
Rx 0.302012 1 11 5 20 912479
Rx 0.302017 1 16 5 20 916639
Rx 0.302021 1 18 5 20 920799
Rx 0.302029 1 7 4 20 929119
Rx 0.302042 1 8 4 421 441599
Rx 0.302054 1 14 5 178 454079
Rx 0.302062 1 15 5 188 462399
Rx 0.302071 1 2 4 118 470719
Rx 0.302079 1 3 4 66 479039
Rx 0.302087 1 4 4 46 487359
Rx 0.302096 1 6 4 66 495679
Tx 0.3021 1 3 4 69 
Tx 0.3021 1 4 4 118 
Rx 0.302112 1 11 5 20 912479
Rx 0.302117 1 18 5 20 916639
Rx 0.302129 1 7 4 46 929119
Rx 0.302142 1 15 5 285 441599
Rx 0.302154 1 2 4 285 454079
Rx 0.302167 1 3 4 101 466559
Rx 0.302175 1 4 4 66 474879
Rx 0.302183 1 6 4 118 483199
Rx 0.302187 1 8 4 3 487359
Rx 0.302196 1 14 5 118 495679
Rx 0.302217 1 11 5 20 916639
Rx 0.302221 1 16 5 20 920799
Rx 0.302229 1 7 4 20 929119
Rx 0.302242 1 4 4 101 441599
Rx 0.302254 1 6 4 178 454079
Rx 0.302267 1 14 5 178 466559
Rx 0.302275 1 15 5 161 474879
Rx 0.302287 1 2 4 285 487359
Rx 0.302296 1 3 4 66 495679
Rx 0.302329 1 3 4 207 429119
Rx 0.302354 1 4 4 207 454079
Rx 0.302375 1 6 4 301 474879
Rx 0.302396 1 14 5 301 495679
Rx 0.302412 1 6 4 81 412479
Rx 0.302417 1 14 5 3 416639
Rx 0.302454 1 3 4 314 454079
Rx 0.302492 1 4 4 314 491519
Rx 0.302512 1 19 5 20 1412479
Rx 0.302525 1 3 4 69 424959
Rx 0.302542 1 4 4 118 441599
Rx 0.302717 1 19 5 20 1416639
Rx 0.303008 1 10 4 20 1908319
Rx 0.303108 1 10 4 20 1908319
Rx 0.303112 1 19 5 20 1912479
Rx 0.303212 1 10 4 46 1912479
Tx 0.3084 1 23 0 12 
Tx 0.3116 1 9 4 564 
Tx 0.3117 1 9 4 414 
Tx 0.312 1 18 5 564 
Rx 0.312096 1 9 4 564 495679
Tx 0.3121 1 18 5 149 
Tx 0.3121 1 7 4 149 
Tx 0.3121 1 11 5 124 
Tx 0.3121 1 16 5 124 
Rx 0.312175 1 9 4 414 474879
Tx 0.3122 1 11 5 149 
Tx 0.3122 1 16 5 149 
Tx 0.3122 1 18 5 124 
Tx 0.3122 1 7 4 124 
Tx 0.3123 1 7 4 201 
Tx 0.3123 1 11 5 175 
Tx 0.3123 1 16 5 175 
Rx 0.312496 1 18 5 564 495679
Rx 0.312529 1 18 5 149 429119
Rx 0.312575 1 11 5 124 474879
Rx 0.312596 1 16 5 124 495679
Rx 0.312629 1 11 5 149 429119
Rx 0.312654 1 16 5 149 454079
Rx 0.312675 1 18 5 124 474879
Rx 0.312796 1 16 5 175 495679
Tx 0.313 1 19 5 564 
Rx 0.313029 1 7 4 149 929119
Tx 0.3131 1 19 5 279 
Tx 0.3131 1 10 4 279 
Rx 0.313125 1 7 4 124 924959
Tx 0.3132 1 19 5 163 
Tx 0.3132 1 10 4 356 
Rx 0.313237 1 7 4 201 937439
Rx 0.313267 1 11 5 175 966559
Tx 0.3133 1 10 4 345 
Rx 0.314496 1 19 5 564 1495679
Rx 0.31455 1 19 5 279 1449919
Rx 0.31505 1 10 4 279 1949919
Rx 0.315137 1 19 5 163 1937439
Rx 0.315196 1 10 4 356 1995679
Rx 0.315267 1 10 4 345 1966559
Tx 0.3225 1 18 5 171 
Tx 0.3226 1 16 5 560 
Rx 0.322937 1 18 5 171 437439
Rx 0.323096 1 16 5 560 495679
Tx 0.3231 1 7 4 279 
Tx 0.3231 1 11 5 279 
Tx 0.3232 1 7 4 231 
Tx 0.3232 1 11 5 283 
Rx 0.32405 1 7 4 279 949919
Rx 0.324096 1 11 5 279 995679
Rx 0.324146 1 7 4 231 945759
Rx 0.324196 1 11 5 283 995679
