Tx 0.0029 1 1 0 12 
Tx 0.0029 1 2 0 12 
Rx 0.00330832 1 1 0 12 408319
Rx 0.00331248 1 2 0 12 412479
Tx 0.004 1 1 1 2 
Tx 0.004 1 2 1 2 
Tx 0.0229 1 1 1 36 
Tx 0.0229 1 2 1 36 
Tx 0.024 1 1 1 2 
Tx 0.024 1 1 1 52 
Tx 0.024 1 2 1 2 
Tx 0.024 1 2 1 52 
Rx 0.0244083 1 1 1 2 0
Rx 0.0244083 1 1 1 52 408319
Rx 0.0244125 1 2 1 2 0
Rx 0.0244125 1 2 1 52 412479
Tx 0.0271 1 1 1 2 
Tx 0.0271 1 2 1 2 
Rx 0.0275083 1 1 1 2 0
Rx 0.0275125 1 2 1 2 0
Tx 0.3006 1 1 4 2 
Rx 0.301008 1 1 4 2 0
Tx 0.3026 1 1 4 62 
Rx 0.303008 1 1 4 62 408319
Tx 0.3037 1 1 4 2 
Rx 0.304108 1 1 4 2 0
Tx 0.3057 1 1 4 650 
Rx 0.306108 1 1 4 650 408319
Tx 0.5068 1 1 4 2 
Rx 0.507208 1 1 4 2 0
Tx 0.5088 1 1 4 1186 
Rx 0.509208 1 1 4 1186 408319
Tx 0.5099 1 1 4 2 
Rx 0.510308 1 1 4 2 0
Tx 0.5119 1 1 4 1777 
Rx 0.512312 1 1 4 1777 412479
Tx 0.513 1 1 4 2 
Rx 0.513408 1 1 4 2 0
Tx 0.515 1 1 4 1777 
Rx 0.515412 1 1 4 1777 412479
Tx 0.5161 1 1 4 2 
Rx 0.516508 1 1 4 2 0
Tx 0.5181 1 1 4 3552 
Rx 0.518512 1 1 4 3552 412479
Tx 0.5192 1 1 4 2 
Rx 0.519608 1 1 4 2 0
Tx 0.5212 1 1 4 5324 
Rx 0.521617 1 1 4 5324 416639
Tx 0.5223 1 1 4 2 
Tx 0.5223 1 1 4 6 
Rx 0.522708 1 1 4 2 0
Rx 0.522708 1 1 4 6 408319
Tx 0.5243 1 1 4 1079 
Rx 0.524708 1 1 4 1079 408319
Tx 0.5254 1 1 4 2 
Rx 0.525808 1 1 4 2 0
Tx 0.5274 1 1 4 8274 
Rx 0.527825 1 1 4 8274 424959
Tx 0.5285 1 1 4 2 
Tx 0.5285 1 1 4 14 
Rx 0.528908 1 1 4 2 0
Rx 0.528908 1 1 4 14 408319
Tx 0.5305 1 1 4 6388 
Rx 0.530921 1 1 4 6388 420799
Tx 0.5316 1 1 4 2 
Tx 0.5316 1 1 4 9 
Rx 0.532008 1 1 4 2 0
Rx 0.532008 1 1 4 9 408319
Tx 0.5347 1 1 4 2 
Rx 0.535108 1 1 4 2 0
Tx 0.5367 1 1 4 15574 
Rx 0.537142 1 1 4 15574 441599
Tx 0.5378 1 1 4 2 
Tx 0.5378 1 1 4 33 
Rx 0.538208 1 1 4 2 0
Rx 0.538208 1 1 4 33 408319
Tx 0.5409 1 1 4 2 
Rx 0.541308 1 1 4 2 0
Tx 0.5429 1 1 4 14247 
Rx 0.543342 1 1 4 14247 441599
Tx 0.544 1 1 4 2 
Tx 0.544 1 1 4 30 
Rx 0.544408 1 1 4 2 0
Rx 0.544408 1 1 4 30 408319
Tx 0.5471 1 1 4 2 
Rx 0.547508 1 1 4 2 0
Tx 0.5491 1 1 4 16130 
Rx 0.549546 1 1 4 16130 445759
Tx 0.5502 1 1 4 2 
Tx 0.5502 1 1 4 35 
Rx 0.550608 1 1 4 2 0
Rx 0.550608 1 1 4 35 408319
Tx 0.5533 1 1 4 2 
Rx 0.553708 1 1 4 2 0
Tx 0.5553 1 1 4 15698 
Rx 0.555742 1 1 4 15698 441599
Tx 0.5564 1 1 4 2 
Tx 0.5564 1 1 4 33 
Rx 0.556808 1 1 4 2 0
Rx 0.556808 1 1 4 33 408319
Tx 0.5595 1 1 4 2 
Rx 0.559908 1 1 4 2 0
Tx 0.5615 1 1 4 14555 
Rx 0.561942 1 1 4 14555 441599
Tx 0.5626 1 1 4 2 
Tx 0.5626 1 1 4 30 
Rx 0.563008 1 1 4 2 0
Rx 0.563008 1 1 4 30 408319
Tx 0.5657 1 1 4 2 
Rx 0.566108 1 1 4 2 0
Tx 0.5677 1 1 4 15502 
Rx 0.568142 1 1 4 15502 441599
Tx 0.5688 1 1 4 2 
Tx 0.5688 1 1 4 33 
Rx 0.569208 1 1 4 2 0
Rx 0.569208 1 1 4 33 408319
Tx 0.5719 1 1 4 2 
Rx 0.572308 1 1 4 2 0
Tx 0.5739 1 1 4 15441 
Rx 0.574342 1 1 4 15441 441599
Tx 0.575 1 1 4 2 
Tx 0.575 1 1 4 33 
Rx 0.575408 1 1 4 2 0
Rx 0.575408 1 1 4 33 408319
Tx 0.5781 1 1 4 2 
Rx 0.578508 1 1 4 2 0
Tx 0.5801 1 1 4 15648 
Rx 0.580542 1 1 4 15648 441599
Tx 0.5812 1 1 4 2 
Tx 0.5812 1 1 4 33 
Rx 0.581608 1 1 4 2 0
Rx 0.581608 1 1 4 33 408319
Tx 0.5843 1 1 4 2 
Rx 0.584708 1 1 4 2 0
Tx 0.5863 1 1 4 15609 
Rx 0.586742 1 1 4 15609 441599
Tx 0.5874 1 1 4 2 
Tx 0.5874 1 1 4 33 
Rx 0.587808 1 1 4 2 0
Rx 0.587808 1 1 4 33 408319
Tx 0.5905 1 1 4 2 
Rx 0.590908 1 1 4 2 0
Tx 0.5925 1 1 4 15499 
Rx 0.592942 1 1 4 15499 441599
Tx 0.5936 1 1 4 2 
Tx 0.5936 1 1 4 33 
Rx 0.594008 1 1 4 2 0
Rx 0.594008 1 1 4 33 408319
Tx 0.5967 1 1 4 2 
Rx 0.597108 1 1 4 2 0
Tx 0.5987 1 1 4 15926 
Rx 0.599142 1 1 4 15926 441599
Tx 0.5998 1 1 4 2 
Tx 0.5998 1 1 4 33 
Rx 0.600208 1 1 4 2 0
Rx 0.600208 1 1 4 33 408319
Tx 0.6029 1 1 4 2 
Rx 0.603308 1 1 4 2 0
Tx 0.6049 1 1 4 15231 
Rx 0.605342 1 1 4 15231 441599
Tx 0.606 1 1 4 2 
Tx 0.606 1 1 4 32 
Rx 0.606408 1 1 4 2 0
Rx 0.606408 1 1 4 32 408319
Tx 0.6091 1 1 4 2 
Rx 0.609508 1 1 4 2 0
Tx 0.6111 1 1 4 15619 
Rx 0.611542 1 1 4 15619 441599
Tx 0.6122 1 1 4 2 
Tx 0.6122 1 1 4 33 
Rx 0.612608 1 1 4 2 0
Rx 0.612608 1 1 4 33 408319
Tx 0.6153 1 1 4 2 
Rx 0.615708 1 1 4 2 0
Tx 0.6173 1 1 4 15221 
Rx 0.617742 1 1 4 15221 441599
Tx 0.6184 1 1 4 2 
Tx 0.6184 1 1 4 32 
Rx 0.618808 1 1 4 2 0
Rx 0.618808 1 1 4 32 408319
Tx 0.6215 1 1 4 2 
Rx 0.621908 1 1 4 2 0
Tx 0.6235 1 1 4 15451 
Rx 0.623942 1 1 4 15451 441599
Tx 0.6246 1 1 4 2 
Tx 0.6246 1 1 4 33 
Rx 0.625008 1 1 4 2 0
Rx 0.625008 1 1 4 33 408319
Tx 0.6277 1 1 4 2 
Rx 0.628108 1 1 4 2 0
Tx 0.6297 1 1 4 16465 
Rx 0.630146 1 1 4 16465 445759
Tx 0.6308 1 1 4 2 
Tx 0.6308 1 1 4 35 
Rx 0.631208 1 1 4 2 0
Rx 0.631208 1 1 4 35 408319
Tx 0.6339 1 1 4 2 
Rx 0.634308 1 1 4 2 0
Tx 0.6359 1 1 4 15266 
Rx 0.636342 1 1 4 15266 441599
Tx 0.637 1 1 4 2 
Tx 0.637 1 1 4 32 
Rx 0.637408 1 1 4 2 0
Rx 0.637408 1 1 4 32 408319
Tx 0.6401 1 1 4 2 
Rx 0.640508 1 1 4 2 0
Tx 0.6421 1 1 4 15458 
Rx 0.642542 1 1 4 15458 441599
Tx 0.6432 1 1 4 2 
Tx 0.6432 1 1 4 33 
Rx 0.643608 1 1 4 2 0
Rx 0.643608 1 1 4 33 408319
Tx 0.6463 1 1 4 2 
Rx 0.646708 1 1 4 2 0
Tx 0.6483 1 1 4 15185 
Rx 0.648742 1 1 4 15185 441599
Tx 0.6494 1 1 4 2 
Tx 0.6494 1 1 4 32 
Rx 0.649808 1 1 4 2 0
Rx 0.649808 1 1 4 32 408319
Tx 0.6525 1 1 4 2 
Rx 0.652908 1 1 4 2 0
Tx 0.6545 1 1 4 15689 
Rx 0.654942 1 1 4 15689 441599
Tx 0.6556 1 1 4 2 
Tx 0.6556 1 1 4 33 
Rx 0.656008 1 1 4 2 0
Rx 0.656008 1 1 4 33 408319
Tx 0.6587 1 1 4 2 
Rx 0.659108 1 1 4 2 0
Tx 0.6607 1 1 4 15602 
Rx 0.661142 1 1 4 15602 441599
Tx 0.6618 1 1 4 2 
Tx 0.6618 1 1 4 33 
Rx 0.662208 1 1 4 2 0
Rx 0.662208 1 1 4 33 408319
Tx 0.6649 1 1 4 2 
Rx 0.665308 1 1 4 2 0
Tx 0.6669 1 1 4 16348 
Rx 0.667346 1 1 4 16348 445759
Tx 0.668 1 1 4 2 
Tx 0.668 1 1 4 35 
Rx 0.668408 1 1 4 2 0
Rx 0.668408 1 1 4 35 408319
Tx 0.6711 1 1 4 2 
Rx 0.671508 1 1 4 2 0
Tx 0.6731 1 1 4 15740 
Rx 0.673542 1 1 4 15740 441599
Tx 0.6742 1 1 4 2 
Tx 0.6742 1 1 4 33 
Rx 0.674608 1 1 4 2 0
Rx 0.674608 1 1 4 33 408319
Tx 0.6773 1 1 4 2 
Rx 0.677708 1 1 4 2 0
Tx 0.6793 1 1 4 15932 
Rx 0.679742 1 1 4 15932 441599
Tx 0.6804 1 1 4 2 
Tx 0.6804 1 1 4 33 
Rx 0.680808 1 1 4 2 0
Rx 0.680808 1 1 4 33 408319
Tx 0.6835 1 1 4 2 
Rx 0.683908 1 1 4 2 0
Tx 0.6855 1 1 4 15739 
Rx 0.685942 1 1 4 15739 441599
Tx 0.6866 1 1 4 2 
Tx 0.6866 1 1 4 33 
Rx 0.687008 1 1 4 2 0
Rx 0.687008 1 1 4 33 408319
Tx 0.6897 1 1 4 2 
Rx 0.690108 1 1 4 2 0
Tx 0.6917 1 1 4 15132 
Rx 0.692142 1 1 4 15132 441599
Tx 0.6928 1 1 4 2 
Tx 0.6928 1 1 4 32 
Rx 0.693208 1 1 4 2 0
Rx 0.693208 1 1 4 32 408319
Tx 0.6959 1 1 4 2 
Rx 0.696308 1 1 4 2 0
Tx 0.6979 1 1 4 15540 
Rx 0.698342 1 1 4 15540 441599
Tx 0.699 1 1 4 2 
Tx 0.699 1 1 4 33 
Rx 0.699408 1 1 4 2 0
Rx 0.699408 1 1 4 33 408319
Tx 0.7021 1 1 4 2 
Rx 0.702508 1 1 4 2 0
Tx 0.7041 1 1 4 15206 
Rx 0.704542 1 1 4 15206 441599
Tx 0.7052 1 1 4 2 
Tx 0.7052 1 1 4 32 
Rx 0.705608 1 1 4 2 0
Rx 0.705608 1 1 4 32 408319
Tx 0.7083 1 1 4 2 
Rx 0.708708 1 1 4 2 0
Tx 0.7103 1 1 4 15225 
Rx 0.710742 1 1 4 15225 441599
Tx 0.7114 1 1 4 2 
Tx 0.7114 1 1 4 32 
Rx 0.711808 1 1 4 2 0
Rx 0.711808 1 1 4 32 408319
Tx 0.7145 1 1 4 2 
Rx 0.714908 1 1 4 2 0
Tx 0.7165 1 1 4 15850 
Rx 0.716942 1 1 4 15850 441599
Tx 0.7176 1 1 4 2 
Tx 0.7176 1 1 4 33 
Rx 0.718008 1 1 4 2 0
Rx 0.718008 1 1 4 33 408319
Tx 0.7207 1 1 4 2 
Rx 0.721108 1 1 4 2 0
Tx 0.7227 1 1 4 15841 
Rx 0.723142 1 1 4 15841 441599
Tx 0.7238 1 1 4 2 
Tx 0.7238 1 1 4 33 
Rx 0.724208 1 1 4 2 0
Rx 0.724208 1 1 4 33 408319
Tx 0.7269 1 1 4 2 
Rx 0.727308 1 1 4 2 0
Tx 0.7289 1 1 4 15839 
Rx 0.729342 1 1 4 15839 441599
Tx 0.73 1 1 4 2 
Tx 0.73 1 1 4 33 
Rx 0.730408 1 1 4 2 0
Rx 0.730408 1 1 4 33 408319
Tx 0.7331 1 1 4 2 
Rx 0.733508 1 1 4 2 0
Tx 0.7351 1 1 4 15652 
Rx 0.735542 1 1 4 15652 441599
Tx 0.7362 1 1 4 2 
Tx 0.7362 1 1 4 33 
Rx 0.736608 1 1 4 2 0
Rx 0.736608 1 1 4 33 408319
Tx 0.7393 1 1 4 2 
Rx 0.739708 1 1 4 2 0
Tx 0.7413 1 1 4 15555 
Rx 0.741742 1 1 4 15555 441599
Tx 0.7424 1 1 4 2 
Tx 0.7424 1 1 4 33 
Rx 0.742808 1 1 4 2 0
Rx 0.742808 1 1 4 33 408319
Tx 0.7455 1 1 4 2 
Rx 0.745908 1 1 4 2 0
Tx 0.7475 1 1 4 15564 
Rx 0.747942 1 1 4 15564 441599
Tx 0.7486 1 1 4 2 
Tx 0.7486 1 1 4 33 
Rx 0.749008 1 1 4 2 0
Rx 0.749008 1 1 4 33 408319
Tx 0.7517 1 1 4 2 
Rx 0.752108 1 1 4 2 0
Tx 0.7537 1 1 4 15660 
Rx 0.754142 1 1 4 15660 441599
Tx 0.7548 1 1 4 2 
Tx 0.7548 1 1 4 33 
Rx 0.755208 1 1 4 2 0
Rx 0.755208 1 1 4 33 408319
Tx 0.7579 1 1 4 2 
Rx 0.758308 1 1 4 2 0
Tx 0.7599 1 1 4 16788 
Rx 0.760346 1 1 4 16788 445759
Tx 0.761 1 1 4 2 
Tx 0.761 1 1 4 36 
Rx 0.761408 1 1 4 2 0
Rx 0.761408 1 1 4 36 408319
Tx 0.7641 1 1 4 2 
Rx 0.764508 1 1 4 2 0
Tx 0.7661 1 1 4 15760 
Rx 0.766542 1 1 4 15760 441599
Tx 0.7672 1 1 4 2 
Tx 0.7672 1 1 4 33 
Rx 0.767608 1 1 4 2 0
Rx 0.767608 1 1 4 33 408319
Tx 0.7703 1 1 4 2 
Rx 0.770708 1 1 4 2 0
Tx 0.7723 1 1 4 15554 
Rx 0.772742 1 1 4 15554 441599
Tx 0.7734 1 1 4 2 
Tx 0.7734 1 1 4 33 
Rx 0.773808 1 1 4 2 0
Rx 0.773808 1 1 4 33 408319
Tx 0.7765 1 1 4 2 
Rx 0.776908 1 1 4 2 0
Tx 0.7785 1 1 4 15597 
Rx 0.778942 1 1 4 15597 441599
Tx 0.7796 1 1 4 2 
Tx 0.7796 1 1 4 33 
Rx 0.780008 1 1 4 2 0
Rx 0.780008 1 1 4 33 408319
Tx 0.7827 1 1 4 2 
Rx 0.783108 1 1 4 2 0
Tx 0.7847 1 1 4 14898 
Rx 0.785142 1 1 4 14898 441599
Tx 0.7858 1 1 4 2 
Tx 0.7858 1 1 4 32 
Rx 0.786208 1 1 4 2 0
Rx 0.786208 1 1 4 32 408319
Tx 0.7889 1 1 4 2 
Rx 0.789308 1 1 4 2 0
Tx 0.7909 1 1 4 16529 
Rx 0.791346 1 1 4 16529 445759
Tx 0.792 1 1 4 2 
Tx 0.792 1 1 4 35 
Rx 0.792408 1 1 4 2 0
Rx 0.792408 1 1 4 35 408319
Tx 0.7951 1 1 4 2 
Rx 0.795508 1 1 4 2 0
Tx 0.7971 1 1 4 15176 
Rx 0.797542 1 1 4 15176 441599
Tx 0.7982 1 1 4 2 
Tx 0.7982 1 1 4 32 
Rx 0.798608 1 1 4 2 0
Rx 0.798608 1 1 4 32 408319
Tx 0.8013 1 1 4 2 
Rx 0.801708 1 1 4 2 0
Tx 0.8033 1 1 4 15269 
Rx 0.803742 1 1 4 15269 441599
Tx 0.8044 1 1 4 2 
Tx 0.8044 1 1 4 32 
Rx 0.804808 1 1 4 2 0
Rx 0.804808 1 1 4 32 408319
Tx 0.8075 1 1 4 2 
Rx 0.807908 1 1 4 2 0
Tx 0.8095 1 1 4 16650 
Rx 0.809946 1 1 4 16650 445759
Tx 0.8106 1 1 4 2 
Tx 0.8106 1 1 4 36 
Rx 0.811008 1 1 4 2 0
Rx 0.811008 1 1 4 36 408319
Tx 0.8137 1 1 4 2 
Rx 0.814108 1 1 4 2 0
Tx 0.8157 1 1 4 15769 
Rx 0.816142 1 1 4 15769 441599
Tx 0.8168 1 1 4 2 
Tx 0.8168 1 1 4 33 
Rx 0.817208 1 1 4 2 0
Rx 0.817208 1 1 4 33 408319
Tx 0.8199 1 1 4 2 
Rx 0.820308 1 1 4 2 0
Tx 0.8219 1 1 4 15907 
Rx 0.822342 1 1 4 15907 441599
Tx 0.823 1 1 4 2 
Tx 0.823 1 1 4 33 
Rx 0.823408 1 1 4 2 0
Rx 0.823408 1 1 4 33 408319
Tx 0.8261 1 1 4 2 
Rx 0.826508 1 1 4 2 0
Tx 0.8281 1 1 4 15163 
Rx 0.828542 1 1 4 15163 441599
Tx 0.8292 1 1 4 2 
Tx 0.8292 1 1 4 32 
Rx 0.829608 1 1 4 2 0
Rx 0.829608 1 1 4 32 408319
Tx 0.8323 1 1 4 2 
Rx 0.832708 1 1 4 2 0
Tx 0.8343 1 1 4 15323 
Rx 0.834742 1 1 4 15323 441599
Tx 0.8354 1 1 4 2 
Tx 0.8354 1 1 4 32 
Rx 0.835808 1 1 4 2 0
Rx 0.835808 1 1 4 32 408319
Tx 0.8385 1 1 4 2 
Rx 0.838908 1 1 4 2 0
Tx 0.8405 1 1 4 16231 
Rx 0.840946 1 1 4 16231 445759
Tx 0.8416 1 1 4 2 
Tx 0.8416 1 1 4 35 
Rx 0.842008 1 1 4 2 0
Rx 0.842008 1 1 4 35 408319
Tx 0.8447 1 1 4 2 
Rx 0.845108 1 1 4 2 0
Tx 0.8467 1 1 4 16145 
Rx 0.847146 1 1 4 16145 445759
Tx 0.8478 1 1 4 2 
Tx 0.8478 1 1 4 35 
Rx 0.848208 1 1 4 2 0
Rx 0.848208 1 1 4 35 408319
Tx 0.8509 1 1 4 2 
Rx 0.851308 1 1 4 2 0
Tx 0.8529 1 1 4 14374 
Rx 0.853342 1 1 4 14374 441599
Tx 0.854 1 1 4 2 
Tx 0.854 1 1 4 30 
Rx 0.854408 1 1 4 2 0
Rx 0.854408 1 1 4 30 408319
Tx 0.8571 1 1 4 2 
Rx 0.857508 1 1 4 2 0
Tx 0.8591 1 1 4 15414 
Rx 0.859542 1 1 4 15414 441599
Tx 0.8602 1 1 4 2 
Tx 0.8602 1 1 4 33 
Rx 0.860608 1 1 4 2 0
Rx 0.860608 1 1 4 33 408319
Tx 0.8633 1 1 4 2 
Rx 0.863708 1 1 4 2 0
Tx 0.8653 1 1 4 15623 
Rx 0.865742 1 1 4 15623 441599
Tx 0.8664 1 1 4 2 
Tx 0.8664 1 1 4 33 
Rx 0.866808 1 1 4 2 0
Rx 0.866808 1 1 4 33 408319
Tx 0.8695 1 1 4 2 
Rx 0.869908 1 1 4 2 0
Tx 0.8715 1 1 4 15084 
Rx 0.871942 1 1 4 15084 441599
Tx 0.8726 1 1 4 2 
Tx 0.8726 1 1 4 32 
Rx 0.873008 1 1 4 2 0
Rx 0.873008 1 1 4 32 408319
Tx 0.8757 1 1 4 2 
Rx 0.876108 1 1 4 2 0
Tx 0.8777 1 1 4 16129 
Rx 0.878146 1 1 4 16129 445759
Tx 0.8788 1 1 4 2 
Tx 0.8788 1 1 4 35 
Rx 0.879208 1 1 4 2 0
Rx 0.879208 1 1 4 35 408319
Tx 0.8819 1 1 4 2 
Rx 0.882308 1 1 4 2 0
Tx 0.8839 1 1 4 14987 
Rx 0.884342 1 1 4 14987 441599
Tx 0.885 1 1 4 2 
Tx 0.885 1 1 4 32 
Rx 0.885408 1 1 4 2 0
Rx 0.885408 1 1 4 32 408319
Tx 0.8881 1 1 4 2 
Rx 0.888508 1 1 4 2 0
Tx 0.8901 1 1 4 15679 
Rx 0.890542 1 1 4 15679 441599
Tx 0.8912 1 1 4 2 
Tx 0.8912 1 1 4 33 
Rx 0.891608 1 1 4 2 0
Rx 0.891608 1 1 4 33 408319
Tx 0.8943 1 1 4 2 
Rx 0.894708 1 1 4 2 0
Tx 0.8963 1 1 4 16473 
Rx 0.896746 1 1 4 16473 445759
Tx 0.8974 1 1 4 2 
Tx 0.8974 1 1 4 35 
Rx 0.897808 1 1 4 2 0
Rx 0.897808 1 1 4 35 408319
Tx 0.9005 1 1 4 2 
Rx 0.900908 1 1 4 2 0
Tx 0.9025 1 1 4 15623 
Rx 0.902942 1 1 4 15623 441599
Tx 0.9036 1 1 4 2 
Tx 0.9036 1 1 4 33 
Rx 0.904008 1 1 4 2 0
Rx 0.904008 1 1 4 33 408319
Tx 0.9067 1 1 4 2 
Rx 0.907108 1 1 4 2 0
Tx 0.9087 1 1 4 15142 
Rx 0.909142 1 1 4 15142 441599
Tx 0.9098 1 1 4 2 
Tx 0.9098 1 1 4 32 
Rx 0.910208 1 1 4 2 0
Rx 0.910208 1 1 4 32 408319
Tx 0.9129 1 1 4 2 
Rx 0.913308 1 1 4 2 0
Tx 0.9149 1 1 4 15595 
Rx 0.915342 1 1 4 15595 441599
Tx 0.916 1 1 4 2 
Tx 0.916 1 1 4 33 
Rx 0.916408 1 1 4 2 0
Rx 0.916408 1 1 4 33 408319
Tx 0.9191 1 1 4 2 
Rx 0.919508 1 1 4 2 0
Tx 0.9211 1 1 4 15330 
Rx 0.921542 1 1 4 15330 441599
Tx 0.9222 1 1 4 2 
Tx 0.9222 1 1 4 32 
Rx 0.922608 1 1 4 2 0
Rx 0.922608 1 1 4 32 408319
Tx 0.9253 1 1 4 2 
Rx 0.925708 1 1 4 2 0
Tx 0.9273 1 1 4 16187 
Rx 0.927746 1 1 4 16187 445759
Tx 0.9284 1 1 4 2 
Tx 0.9284 1 1 4 35 
Rx 0.928808 1 1 4 2 0
Rx 0.928808 1 1 4 35 408319
Tx 0.9315 1 1 4 2 
Rx 0.931908 1 1 4 2 0
Tx 0.9335 1 1 4 15459 
Rx 0.933942 1 1 4 15459 441599
Tx 0.9346 1 1 4 2 
Tx 0.9346 1 1 4 33 
Rx 0.935008 1 1 4 2 0
Rx 0.935008 1 1 4 33 408319
Tx 0.9377 1 1 4 2 
Rx 0.938108 1 1 4 2 0
Tx 0.9397 1 1 4 15051 
Rx 0.940142 1 1 4 15051 441599
Tx 0.9408 1 1 4 2 
Tx 0.9408 1 1 4 32 
Rx 0.941208 1 1 4 2 0
Rx 0.941208 1 1 4 32 408319
Tx 0.9439 1 1 4 2 
Rx 0.944308 1 1 4 2 0
Tx 0.9459 1 1 4 15810 
Rx 0.946342 1 1 4 15810 441599
Tx 0.947 1 1 4 2 
Tx 0.947 1 1 4 33 
Rx 0.947408 1 1 4 2 0
Rx 0.947408 1 1 4 33 408319
Tx 0.9501 1 1 4 2 
Rx 0.950508 1 1 4 2 0
Tx 0.9521 1 1 4 15026 
Rx 0.952542 1 1 4 15026 441599
Tx 0.9532 1 1 4 2 
Tx 0.9532 1 1 4 32 
Rx 0.953608 1 1 4 2 0
Rx 0.953608 1 1 4 32 408319
Tx 0.9563 1 1 4 2 
Rx 0.956708 1 1 4 2 0
Tx 0.9583 1 1 4 15578 
Rx 0.958742 1 1 4 15578 441599
Tx 0.9594 1 1 4 2 
Tx 0.9594 1 1 4 33 
Rx 0.959808 1 1 4 2 0
Rx 0.959808 1 1 4 33 408319
Tx 0.9625 1 1 4 2 
Rx 0.962908 1 1 4 2 0
Tx 0.9645 1 1 4 15650 
Rx 0.964942 1 1 4 15650 441599
Tx 0.9656 1 1 4 2 
Tx 0.9656 1 1 4 33 
Rx 0.966008 1 1 4 2 0
Rx 0.966008 1 1 4 33 408319
Tx 0.9687 1 1 4 2 
Rx 0.969108 1 1 4 2 0
Tx 0.9707 1 1 4 14947 
Rx 0.971142 1 1 4 14947 441599
Tx 0.9718 1 1 4 2 
Tx 0.9718 1 1 4 32 
Rx 0.972208 1 1 4 2 0
Rx 0.972208 1 1 4 32 408319
Tx 0.9749 1 1 4 2 
Rx 0.975308 1 1 4 2 0
Tx 0.9769 1 1 4 16770 
Rx 0.977346 1 1 4 16770 445759
Tx 0.978 1 1 4 2 
Tx 0.978 1 1 4 36 
Rx 0.978408 1 1 4 2 0
Rx 0.978408 1 1 4 36 408319
Tx 0.9811 1 1 4 2 
Rx 0.981508 1 1 4 2 0
Tx 0.9831 1 1 4 15843 
Rx 0.983542 1 1 4 15843 441599
Tx 0.9842 1 1 4 2 
Tx 0.9842 1 1 4 33 
Rx 0.984608 1 1 4 2 0
Rx 0.984608 1 1 4 33 408319
Tx 0.9873 1 1 4 2 
Rx 0.987708 1 1 4 2 0
Tx 0.9893 1 1 4 15909 
Rx 0.989742 1 1 4 15909 441599
Tx 0.9904 1 1 4 2 
Tx 0.9904 1 1 4 33 
Rx 0.990808 1 1 4 2 0
Rx 0.990808 1 1 4 33 408319
Tx 0.9935 1 1 4 2 
Rx 0.993908 1 1 4 2 0
Tx 0.9955 1 1 4 15097 
Rx 0.995942 1 1 4 15097 441599
Tx 0.9966 1 1 4 2 
Tx 0.9966 1 1 4 32 
Rx 0.997008 1 1 4 2 0
Rx 0.997008 1 1 4 32 408319
Tx 0.9997 1 1 4 2 
Rx 1.00011 1 1 4 2 0
Tx 1.0017 1 1 4 15842 
Rx 1.00214 1 1 4 15842 441599
Tx 1.0028 1 1 4 2 
Tx 1.0028 1 1 4 33 
Rx 1.00321 1 1 4 2 0
Rx 1.00321 1 1 4 33 408319
Tx 1.0059 1 1 4 2 
Rx 1.00631 1 1 4 2 0
Tx 1.0079 1 1 4 16185 
Rx 1.00835 1 1 4 16185 445759
Tx 1.009 1 1 4 2 
Tx 1.009 1 1 4 35 
Rx 1.00941 1 1 4 2 0
Rx 1.00941 1 1 4 35 408319
Tx 1.0121 1 1 4 2 
Rx 1.01251 1 1 4 2 0
Tx 1.0141 1 1 4 16181 
Rx 1.01455 1 1 4 16181 445759
Tx 1.0152 1 1 4 2 
Tx 1.0152 1 1 4 35 
Rx 1.01561 1 1 4 2 0
Rx 1.01561 1 1 4 35 408319
Tx 1.0183 1 1 4 2 
Rx 1.01871 1 1 4 2 0
Tx 1.0203 1 1 4 15739 
Rx 1.02074 1 1 4 15739 441599
Tx 1.0214 1 1 4 2 
Tx 1.0214 1 1 4 33 
Rx 1.02181 1 1 4 2 0
Rx 1.02181 1 1 4 33 408319
Tx 1.0245 1 1 4 2 
Rx 1.02491 1 1 4 2 0
Tx 1.0265 1 1 4 15602 
Rx 1.02694 1 1 4 15602 441599
Tx 1.0276 1 1 4 2 
Tx 1.0276 1 1 4 33 
Rx 1.02801 1 1 4 2 0
Rx 1.02801 1 1 4 33 408319
Tx 1.0307 1 1 4 2 
Rx 1.03111 1 1 4 2 0
Tx 1.0327 1 1 4 16106 
Rx 1.03315 1 1 4 16106 445759
Tx 1.0338 1 1 4 2 
Tx 1.0338 1 1 4 35 
Rx 1.03421 1 1 4 2 0
Rx 1.03421 1 1 4 35 408319
Tx 1.0369 1 1 4 2 
Rx 1.03731 1 1 4 2 0
Tx 1.0389 1 1 4 14953 
Rx 1.03934 1 1 4 14953 441599
Tx 1.04 1 1 4 2 
Tx 1.04 1 1 4 32 
Rx 1.04041 1 1 4 2 0
Rx 1.04041 1 1 4 32 408319
Tx 1.0431 1 1 4 2 
Rx 1.04351 1 1 4 2 0
Tx 1.0451 1 1 4 15065 
Rx 1.04554 1 1 4 15065 441599
Tx 1.0462 1 1 4 2 
Tx 1.0462 1 1 4 32 
Rx 1.04661 1 1 4 2 0
Rx 1.04661 1 1 4 32 408319
Tx 1.0493 1 1 4 2 
Rx 1.04971 1 1 4 2 0
Tx 1.0513 1 1 4 15762 
Rx 1.05174 1 1 4 15762 441599
Tx 1.0524 1 1 4 2 
Tx 1.0524 1 1 4 33 
Rx 1.05281 1 1 4 2 0
Rx 1.05281 1 1 4 33 408319
Tx 1.0555 1 1 4 2 
Rx 1.05591 1 1 4 2 0
Tx 1.0575 1 1 4 15425 
Rx 1.05794 1 1 4 15425 441599
Tx 1.0586 1 1 4 2 
Tx 1.0586 1 1 4 33 
Rx 1.05901 1 1 4 2 0
Rx 1.05901 1 1 4 33 408319
Tx 1.0617 1 1 4 2 
Rx 1.06211 1 1 4 2 0
Tx 1.0637 1 1 4 15082 
Rx 1.06414 1 1 4 15082 441599
Tx 1.0648 1 1 4 2 
Tx 1.0648 1 1 4 32 
Rx 1.06521 1 1 4 2 0
Rx 1.06521 1 1 4 32 408319
Tx 1.0679 1 1 4 2 
Rx 1.06831 1 1 4 2 0
Tx 1.0699 1 1 4 15209 
Rx 1.07034 1 1 4 15209 441599
Tx 1.071 1 1 4 2 
Tx 1.071 1 1 4 32 
Rx 1.07141 1 1 4 2 0
Rx 1.07141 1 1 4 32 408319
Tx 1.0741 1 1 4 2 
Rx 1.07451 1 1 4 2 0
Tx 1.0761 1 1 4 15783 
Rx 1.07654 1 1 4 15783 441599
Tx 1.0772 1 1 4 2 
Tx 1.0772 1 1 4 33 
Rx 1.07761 1 1 4 2 0
Rx 1.07761 1 1 4 33 408319
Tx 1.0803 1 1 4 2 
Rx 1.08071 1 1 4 2 0
Tx 1.0823 1 1 4 15892 
Rx 1.08274 1 1 4 15892 441599
Tx 1.0834 1 1 4 2 
Tx 1.0834 1 1 4 33 
Rx 1.08381 1 1 4 2 0
Rx 1.08381 1 1 4 33 408319
Tx 1.0865 1 1 4 2 
Rx 1.08691 1 1 4 2 0
Tx 1.0885 1 1 4 15064 
Rx 1.08894 1 1 4 15064 441599
Tx 1.0896 1 1 4 2 
Tx 1.0896 1 1 4 32 
Rx 1.09001 1 1 4 2 0
Rx 1.09001 1 1 4 32 408319
Tx 1.0927 1 1 4 2 
Rx 1.09311 1 1 4 2 0
Tx 1.0947 1 1 4 15268 
Rx 1.09514 1 1 4 15268 441599
Tx 1.0958 1 1 4 2 
Tx 1.0958 1 1 4 32 
Rx 1.09621 1 1 4 2 0
Rx 1.09621 1 1 4 32 408319
Tx 1.0989 1 1 4 2 
Rx 1.09931 1 1 4 2 0
Tx 1.1009 1 1 4 14430 
Rx 1.10134 1 1 4 14430 441599
Tx 1.102 1 1 4 2 
Tx 1.102 1 1 4 30 
Rx 1.10241 1 1 4 2 0
Rx 1.10241 1 1 4 30 408319
Tx 1.1051 1 1 4 2 
Rx 1.10551 1 1 4 2 0
Tx 1.1071 1 1 4 15528 
Rx 1.10754 1 1 4 15528 441599
Tx 1.1082 1 1 4 2 
Tx 1.1082 1 1 4 33 
Rx 1.10861 1 1 4 2 0
Rx 1.10861 1 1 4 33 408319
Tx 1.1113 1 1 4 2 
Rx 1.11171 1 1 4 2 0
Tx 1.1133 1 1 4 15510 
Rx 1.11374 1 1 4 15510 441599
Tx 1.1144 1 1 4 2 
Tx 1.1144 1 1 4 33 
Rx 1.11481 1 1 4 2 0
Rx 1.11481 1 1 4 33 408319
Tx 1.1175 1 1 4 2 
Rx 1.11791 1 1 4 2 0
Tx 1.1195 1 1 4 14905 
Rx 1.11994 1 1 4 14905 441599
Tx 1.1206 1 1 4 2 
Tx 1.1206 1 1 4 32 
Rx 1.12101 1 1 4 2 0
Rx 1.12101 1 1 4 32 408319
Tx 1.1237 1 1 4 2 
Rx 1.12411 1 1 4 2 0
Tx 1.1257 1 1 4 15924 
Rx 1.12614 1 1 4 15924 441599
Tx 1.1268 1 1 4 2 
Tx 1.1268 1 1 4 33 
Rx 1.12721 1 1 4 2 0
Rx 1.12721 1 1 4 33 408319
Tx 1.1299 1 1 4 2 
Rx 1.13031 1 1 4 2 0
Tx 1.1319 1 1 4 14851 
Rx 1.13234 1 1 4 14851 441599
Tx 1.133 1 1 4 2 
Tx 1.133 1 1 4 32 
Rx 1.13341 1 1 4 2 0
Rx 1.13341 1 1 4 32 408319
Tx 1.1361 1 1 4 2 
Rx 1.13651 1 1 4 2 0
Tx 1.1381 1 1 4 15714 
Rx 1.13854 1 1 4 15714 441599
Tx 1.1392 1 1 4 2 
Tx 1.1392 1 1 4 33 
Rx 1.13961 1 1 4 2 0
Rx 1.13961 1 1 4 33 408319
Tx 1.1423 1 1 4 2 
Rx 1.14271 1 1 4 2 0
Tx 1.1443 1 1 4 16129 
Rx 1.14475 1 1 4 16129 445759
Tx 1.1454 1 1 4 2 
Tx 1.1454 1 1 4 35 
Rx 1.14581 1 1 4 2 0
Rx 1.14581 1 1 4 35 408319
Tx 1.1485 1 1 4 2 
Rx 1.14891 1 1 4 2 0
Tx 1.1505 1 1 4 16121 
Rx 1.15095 1 1 4 16121 445759
Tx 1.1516 1 1 4 2 
Tx 1.1516 1 1 4 35 
Rx 1.15201 1 1 4 2 0
Rx 1.15201 1 1 4 35 408319
Tx 1.1547 1 1 4 2 
Rx 1.15511 1 1 4 2 0
Tx 1.1567 1 1 4 15273 
Rx 1.15714 1 1 4 15273 441599
Tx 1.1578 1 1 4 2 
Tx 1.1578 1 1 4 32 
Rx 1.15821 1 1 4 2 0
Rx 1.15821 1 1 4 32 408319
Tx 1.1609 1 1 4 2 
Rx 1.16131 1 1 4 2 0
Tx 1.1629 1 1 4 16440 
Rx 1.16335 1 1 4 16440 445759
Tx 1.164 1 1 4 2 
Tx 1.164 1 1 4 35 
Rx 1.16441 1 1 4 2 0
Rx 1.16441 1 1 4 35 408319
Tx 1.1671 1 1 4 2 
Rx 1.16751 1 1 4 2 0
Tx 1.1691 1 1 4 15821 
Rx 1.16954 1 1 4 15821 441599
Tx 1.1702 1 1 4 2 
Tx 1.1702 1 1 4 33 
Rx 1.17061 1 1 4 2 0
Rx 1.17061 1 1 4 33 408319
Tx 1.1733 1 1 4 2 
Rx 1.17371 1 1 4 2 0
Tx 1.1753 1 1 4 15728 
Rx 1.17574 1 1 4 15728 441599
Tx 1.1764 1 1 4 2 
Tx 1.1764 1 1 4 33 
Rx 1.17681 1 1 4 2 0
Rx 1.17681 1 1 4 33 408319
Tx 1.1795 1 1 4 2 
Rx 1.17991 1 1 4 2 0
Tx 1.1815 1 1 4 16431 
Rx 1.18195 1 1 4 16431 445759
Tx 1.1826 1 1 4 2 
Tx 1.1826 1 1 4 35 
Rx 1.18301 1 1 4 2 0
Rx 1.18301 1 1 4 35 408319
Tx 1.1857 1 1 4 2 
Rx 1.18611 1 1 4 2 0
Tx 1.1877 1 1 4 14738 
Rx 1.18814 1 1 4 14738 441599
Tx 1.1888 1 1 4 2 
Tx 1.1888 1 1 4 30 
Rx 1.18921 1 1 4 2 0
Rx 1.18921 1 1 4 30 408319
Tx 1.1919 1 1 4 2 
Rx 1.19231 1 1 4 2 0
Tx 1.1939 1 1 4 15191 
Rx 1.19434 1 1 4 15191 441599
Tx 1.195 1 1 4 2 
Tx 1.195 1 1 4 32 
Rx 1.19541 1 1 4 2 0
Rx 1.19541 1 1 4 32 408319
Tx 1.1981 1 1 4 2 
Rx 1.19851 1 1 4 2 0
Tx 1.2001 1 1 4 15453 
Rx 1.20054 1 1 4 15453 441599
Tx 1.2012 1 1 4 2 
Tx 1.2012 1 1 4 33 
Rx 1.20161 1 1 4 2 0
Rx 1.20161 1 1 4 33 408319
Tx 1.2043 1 1 4 2 
Rx 1.20471 1 1 4 2 0
Tx 1.2063 1 1 4 14990 
Rx 1.20674 1 1 4 14990 441599
Tx 1.2074 1 1 4 2 
Tx 1.2074 1 1 4 32 
Rx 1.20781 1 1 4 2 0
Rx 1.20781 1 1 4 32 408319
Tx 1.2105 1 1 4 2 
Rx 1.21091 1 1 4 2 0
Tx 1.2125 1 1 4 15753 
Rx 1.21294 1 1 4 15753 441599
Tx 1.2136 1 1 4 2 
Tx 1.2136 1 1 4 33 
Rx 1.21401 1 1 4 2 0
Rx 1.21401 1 1 4 33 408319
Tx 1.2167 1 1 4 2 
Rx 1.21711 1 1 4 2 0
Tx 1.2187 1 1 4 15498 
Rx 1.21914 1 1 4 15498 441599
Tx 1.2198 1 1 4 2 
Tx 1.2198 1 1 4 33 
Rx 1.22021 1 1 4 2 0
Rx 1.22021 1 1 4 33 408319
Tx 1.2229 1 1 4 2 
