	time	frame	subF	1stSym	symbol#	cellId	rnti	ccId	tbSize	mcs	rv	SINR(dB)	corrupt	TBler
DL	0.00310832	3	1	1	1	1	1	0	48	0	0	75.0388	 	0	0
DL	0.00311248	3	1	2	1	1	2	0	48	0	0	133.964	 	0	0
UL	0.00370832	3	7	1	1	1	1	0	48	0	0	75.0388 	0	0
UL	0.00371248	3	7	2	1	1	2	0	48	0	0	133.964 	0	0
DL	0.00420832	4	2	1	1	1	1	0	1776	28	0	75.0388	 	0	0
DL	0.00421248	4	2	2	1	1	2	0	1776	28	0	133.964	 	0	0
DL	0.0231125	23	1	1	2	1	1	0	100	0	0	75.0388	 	0	0
DL	0.0231208	23	1	3	2	1	2	0	100	0	0	133.964	 	0	0
UL	0.0237083	23	7	1	1	1	1	0	48	0	0	75.0388 	0	0
UL	0.0237125	23	7	2	1	1	2	0	48	0	0	133.964 	0	0
DL	0.0242083	24	2	1	1	1	1	0	1776	28	0	75.0388	 	0	0
DL	0.0242125	24	2	2	1	1	2	0	1776	28	0	133.964	 	0	0
UL	0.0248083	24	8	1	1	1	1	0	1776	28	0	75.0388 	0	0
UL	0.0248125	24	8	2	1	1	2	0	1776	28	0	133.964 	0	0
UL	0.0268083	26	8	1	1	1	1	0	1776	28	0	75.0388 	0	0
UL	0.0268125	26	8	2	1	1	2	0	1776	28	0	133.964 	0	0
DL	0.0273083	27	3	1	1	1	1	0	1776	28	0	75.0388	 	0	0
DL	0.0273125	27	3	2	1	1	2	0	1776	28	0	133.964	 	0	0
UL	0.300312	300	3	1	2	1	1	0	100	0	0	70.8776 	0	0
DL	0.300808	300	8	1	1	1	1	0	48	0	0	70.8776	 	0	0
DL	0.302808	302	8	1	1	1	1	0	1776	28	0	70.8776	 	0	0
UL	0.303408	303	4	1	1	1	1	0	1776	28	0	70.8776 	0	0
DL	0.303908	303	9	1	1	1	1	0	1776	28	0	70.8776	 	0	0
DL	0.305908	305	9	1	1	1	1	0	1776	28	0	70.8776	 	0	0
UL	0.306508	306	5	1	1	1	1	0	1776	28	0	70.8776 	0	0
UL	0.506512	506	5	1	2	1	1	0	100	0	0	71.2581 	0	0
DL	0.507008	507	0	1	1	1	1	0	48	0	0	71.2581	 	0	0
DL	0.509008	509	0	1	1	1	1	0	1776	28	0	71.2581	 	0	0
UL	0.509608	509	6	1	1	1	1	0	1776	28	0	71.2581 	0	0
DL	0.510108	510	1	1	1	1	1	0	1776	28	0	71.2581	 	0	0
DL	0.512112	512	1	1	2	1	1	0	3558	28	0	71.2581	 	0	0
UL	0.512708	512	7	1	1	1	1	0	1776	28	0	71.2581 	0	0
DL	0.513208	513	2	1	1	1	1	0	1776	28	0	71.2581	 	0	0
DL	0.515212	515	2	1	2	1	1	0	3558	28	0	71.2581	 	0	0
UL	0.515808	515	8	1	1	1	1	0	1776	28	0	71.2581 	0	0
DL	0.516308	516	3	1	1	1	1	0	1776	28	0	71.2581	 	0	0
DL	0.518312	518	3	1	2	1	1	0	3558	28	0	71.2581	 	0	0
UL	0.518908	518	9	1	1	1	1	0	1776	28	0	71.2581 	0	0
DL	0.519408	519	4	1	1	1	1	0	1776	28	0	71.2581	 	0	0
DL	0.521417	521	4	1	3	1	1	0	5341	28	0	71.2581	 	0	0
UL	0.522008	522	0	1	1	1	1	0	1776	28	0	71.2581 	0	0
DL	0.522508	522	5	1	1	1	1	0	1776	28	0	71.2581	 	0	0
DL	0.524508	524	5	1	1	1	1	0	1776	28	0	71.2581	 	0	0
UL	0.525108	525	1	1	1	1	1	0	1776	28	0	71.2581 	0	0
DL	0.525608	525	6	1	1	1	1	0	1776	28	0	71.2581	 	0	0
DL	0.527625	527	6	1	5	1	1	0	8903	28	0	71.2581	 	0	0
UL	0.528208	528	2	1	1	1	1	0	1776	28	0	71.2581 	0	0
DL	0.528708	528	7	1	1	1	1	0	1776	28	0	71.2581	 	0	0
UL	0.529308	529	3	1	1	1	1	0	1776	28	0	71.2581 	0	0
DL	0.530721	530	7	1	4	1	1	0	7120	28	0	71.2581	 	0	0
UL	0.531308	531	3	1	1	1	1	0	1776	28	0	71.2581 	0	0
DL	0.531808	531	8	1	1	1	1	0	1776	28	0	71.2581	 	0	0
UL	0.532408	532	4	1	1	1	1	0	1776	28	0	71.2581 	0	0
UL	0.534408	534	4	1	1	1	1	0	1776	28	0	71.2581 	0	0
DL	0.534908	534	9	1	1	1	1	0	1776	28	0	71.2581	 	0	0
DL	0.536942	536	9	1	9	1	1	0	16030	28	0	71.2581	 	0	0
UL	0.537508	537	5	1	1	1	1	0	1776	28	0	71.2581 	0	0
DL	0.538008	538	0	1	1	1	1	0	1776	28	0	71.2581	 	0	0
UL	0.538608	538	6	1	1	1	1	0	1776	28	0	71.2581 	0	0
UL	0.540608	540	6	1	1	1	1	0	1776	28	0	71.2581 	0	0
DL	0.541108	541	1	1	1	1	1	0	1776	28	0	71.2581	 	0	0
DL	0.543142	543	1	1	9	1	1	0	16030	28	0	71.2581	 	0	0
UL	0.543708	543	7	1	1	1	1	0	1776	28	0	71.2581 	0	0
DL	0.544208	544	2	1	1	1	1	0	1776	28	0	71.2581	 	0	0
UL	0.544808	544	8	1	1	1	1	0	1776	28	0	71.2581 	0	0
UL	0.546808	546	8	1	1	1	1	0	1776	28	0	71.2581 	0	0
DL	0.547308	547	3	1	1	1	1	0	1776	28	0	71.2581	 	0	0
DL	0.549346	549	3	1	10	1	1	0	17809	28	0	71.2581	 	0	0
UL	0.549908	549	9	1	1	1	1	0	1776	28	0	71.2581 	0	0
DL	0.550408	550	4	1	1	1	1	0	1776	28	0	71.2581	 	0	0
UL	0.551008	551	0	1	1	1	1	0	1776	28	0	71.2581 	0	0
UL	0.553008	553	0	1	1	1	1	0	1776	28	0	71.2581 	0	0
DL	0.553508	553	5	1	1	1	1	0	1776	28	0	71.2581	 	0	0
DL	0.555542	555	5	1	9	1	1	0	16030	28	0	71.2581	 	0	0
UL	0.556108	556	1	1	1	1	1	0	1776	28	0	71.2581 	0	0
DL	0.556608	556	6	1	1	1	1	0	1776	28	0	71.2581	 	0	0
UL	0.557208	557	2	1	1	1	1	0	1776	28	0	71.2581 	0	0
UL	0.559208	559	2	1	1	1	1	0	1776	28	0	71.2581 	0	0
DL	0.559708	559	7	1	1	1	1	0	1776	28	0	71.2581	 	0	0
DL	0.561742	561	7	1	9	1	1	0	16030	28	0	71.2581	 	0	0
UL	0.562308	562	3	1	1	1	1	0	1776	28	0	71.2581 	0	0
DL	0.562808	562	8	1	1	1	1	0	1776	28	0	71.2581	 	0	0
UL	0.563408	563	4	1	1	1	1	0	1776	28	0	71.2581 	0	0
UL	0.565408	565	4	1	1	1	1	0	1776	28	0	71.2581 	0	0
DL	0.565908	565	9	1	1	1	1	0	1776	28	0	71.2581	 	0	0
DL	0.567942	567	9	1	9	1	1	0	16030	28	0	71.2581	 	0	0
UL	0.568508	568	5	1	1	1	1	0	1776	28	0	71.2581 	0	0
DL	0.569008	569	0	1	1	1	1	0	1776	28	0	71.2581	 	0	0
UL	0.569608	569	6	1	1	1	1	0	1776	28	0	71.2581 	0	0
UL	0.571608	571	6	1	1	1	1	0	1776	28	0	71.2581 	0	0
DL	0.572108	572	1	1	1	1	1	0	1776	28	0	71.2581	 	0	0
DL	0.574142	574	1	1	9	1	1	0	16030	28	0	71.2581	 	0	0
UL	0.574708	574	7	1	1	1	1	0	1776	28	0	71.2581 	0	0
DL	0.575208	575	2	1	1	1	1	0	1776	28	0	71.2581	 	0	0
UL	0.575808	575	8	1	1	1	1	0	1776	28	0	71.2581 	0	0
UL	0.577808	577	8	1	1	1	1	0	1776	28	0	71.2581 	0	0
DL	0.578308	578	3	1	1	1	1	0	1776	28	0	71.2581	 	0	0
DL	0.580342	580	3	1	9	1	1	0	16030	28	0	71.2581	 	0	0
UL	0.580908	580	9	1	1	1	1	0	1776	28	0	71.2581 	0	0
DL	0.581408	581	4	1	1	1	1	0	1776	28	0	71.2581	 	0	0
UL	0.582008	582	0	1	1	1	1	0	1776	28	0	71.2581 	0	0
UL	0.584008	584	0	1	1	1	1	0	1776	28	0	71.2581 	0	0
DL	0.584508	584	5	1	1	1	1	0	1776	28	0	71.2581	 	0	0
DL	0.586542	586	5	1	9	1	1	0	16030	28	0	71.2581	 	0	0
UL	0.587108	587	1	1	1	1	1	0	1776	28	0	71.2581 	0	0
DL	0.587608	587	6	1	1	1	1	0	1776	28	0	71.2581	 	0	0
UL	0.588208	588	2	1	1	1	1	0	1776	28	0	71.2581 	0	0
UL	0.590208	590	2	1	1	1	1	0	1776	28	0	71.2581 	0	0
DL	0.590708	590	7	1	1	1	1	0	1776	28	0	71.2581	 	0	0
DL	0.592742	592	7	1	9	1	1	0	16030	28	0	71.2581	 	0	0
UL	0.593308	593	3	1	1	1	1	0	1776	28	0	71.2581 	0	0
DL	0.593808	593	8	1	1	1	1	0	1776	28	0	71.2581	 	0	0
UL	0.594408	594	4	1	1	1	1	0	1776	28	0	71.2581 	0	0
UL	0.596408	596	4	1	1	1	1	0	1776	28	0	71.2581 	0	0
DL	0.596908	596	9	1	1	1	1	0	1776	28	0	71.2581	 	0	0
DL	0.598942	598	9	1	9	1	1	0	16030	28	0	71.2581	 	0	0
UL	0.599508	599	5	1	1	1	1	0	1776	28	0	71.2581 	0	0
DL	0.600008	600	0	1	1	1	1	0	1776	28	0	69.278	 	0	0
UL	0.600608	600	6	1	1	1	1	0	1776	28	0	69.278 	0	0
UL	0.602608	602	6	1	1	1	1	0	1776	28	0	69.278 	0	0
DL	0.603108	603	1	1	1	1	1	0	1776	28	0	69.278	 	0	0
DL	0.605142	605	1	1	9	1	1	0	16030	28	0	69.278	 	0	0
UL	0.605708	605	7	1	1	1	1	0	1776	28	0	69.278 	0	0
DL	0.606208	606	2	1	1	1	1	0	1776	28	0	69.278	 	0	0
UL	0.606808	606	8	1	1	1	1	0	1776	28	0	69.278 	0	0
UL	0.608808	608	8	1	1	1	1	0	1776	28	0	69.278 	0	0
DL	0.609308	609	3	1	1	1	1	0	1776	28	0	69.278	 	0	0
DL	0.611342	611	3	1	9	1	1	0	16030	28	0	69.278	 	0	0
UL	0.611908	611	9	1	1	1	1	0	1776	28	0	69.278 	0	0
DL	0.612408	612	4	1	1	1	1	0	1776	28	0	69.278	 	0	0
UL	0.613008	613	0	1	1	1	1	0	1776	28	0	69.278 	0	0
UL	0.615008	615	0	1	1	1	1	0	1776	28	0	69.278 	0	0
DL	0.615508	615	5	1	1	1	1	0	1776	28	0	69.278	 	0	0
DL	0.617542	617	5	1	9	1	1	0	16030	28	0	69.278	 	0	0
UL	0.618108	618	1	1	1	1	1	0	1776	28	0	69.278 	0	0
DL	0.618608	618	6	1	1	1	1	0	1776	28	0	69.278	 	0	0
UL	0.619208	619	2	1	1	1	1	0	1776	28	0	69.278 	0	0
UL	0.621208	621	2	1	1	1	1	0	1776	28	0	69.278 	0	0
DL	0.621708	621	7	1	1	1	1	0	1776	28	0	69.278	 	0	0
DL	0.623742	623	7	1	9	1	1	0	16030	28	0	69.278	 	0	0
UL	0.624308	624	3	1	1	1	1	0	1776	28	0	69.278 	0	0
DL	0.624808	624	8	1	1	1	1	0	1776	28	0	69.278	 	0	0
UL	0.625408	625	4	1	1	1	1	0	1776	28	0	69.278 	0	0
UL	0.627408	627	4	1	1	1	1	0	1776	28	0	69.278 	0	0
DL	0.627908	627	9	1	1	1	1	0	1776	28	0	69.278	 	0	0
DL	0.629946	629	9	1	10	1	1	0	17809	28	0	69.278	 	0	0
UL	0.630508	630	5	1	1	1	1	0	1776	28	0	69.278 	0	0
DL	0.631008	631	0	1	1	1	1	0	1776	28	0	69.278	 	0	0
UL	0.631608	631	6	1	1	1	1	0	1776	28	0	69.278 	0	0
UL	0.633608	633	6	1	1	1	1	0	1776	28	0	69.278 	0	0
DL	0.634108	634	1	1	1	1	1	0	1776	28	0	69.278	 	0	0
DL	0.636142	636	1	1	9	1	1	0	16030	28	0	69.278	 	0	0
UL	0.636708	636	7	1	1	1	1	0	1776	28	0	69.278 	0	0
DL	0.637208	637	2	1	1	1	1	0	1776	28	0	69.278	 	0	0
UL	0.637808	637	8	1	1	1	1	0	1776	28	0	69.278 	0	0
UL	0.639808	639	8	1	1	1	1	0	1776	28	0	69.278 	0	0
DL	0.640308	640	3	1	1	1	1	0	1776	28	0	69.278	 	0	0
DL	0.642342	642	3	1	9	1	1	0	16030	28	0	69.278	 	0	0
UL	0.642908	642	9	1	1	1	1	0	1776	28	0	69.278 	0	0
DL	0.643408	643	4	1	1	1	1	0	1776	28	0	69.278	 	0	0
UL	0.644008	644	0	1	1	1	1	0	1776	28	0	69.278 	0	0
UL	0.646008	646	0	1	1	1	1	0	1776	28	0	69.278 	0	0
DL	0.646508	646	5	1	1	1	1	0	1776	28	0	69.278	 	0	0
DL	0.648542	648	5	1	9	1	1	0	16030	28	0	69.278	 	0	0
UL	0.649108	649	1	1	1	1	1	0	1776	28	0	69.278 	0	0
DL	0.649608	649	6	1	1	1	1	0	1776	28	0	69.278	 	0	0
UL	0.650208	650	2	1	1	1	1	0	1776	28	0	69.278 	0	0
UL	0.652208	652	2	1	1	1	1	0	1776	28	0	69.278 	0	0
DL	0.652708	652	7	1	1	1	1	0	1776	28	0	69.278	 	0	0
DL	0.654742	654	7	1	9	1	1	0	16030	28	0	69.278	 	0	0
UL	0.655308	655	3	1	1	1	1	0	1776	28	0	69.278 	0	0
DL	0.655808	655	8	1	1	1	1	0	1776	28	0	69.278	 	0	0
UL	0.656408	656	4	1	1	1	1	0	1776	28	0	69.278 	0	0
UL	0.658408	658	4	1	1	1	1	0	1776	28	0	69.278 	0	0
DL	0.658908	658	9	1	1	1	1	0	1776	28	0	69.278	 	0	0
DL	0.660942	660	9	1	9	1	1	0	16030	28	0	69.278	 	0	0
UL	0.661508	661	5	1	1	1	1	0	1776	28	0	69.278 	0	0
DL	0.662008	662	0	1	1	1	1	0	1776	28	0	69.278	 	0	0
UL	0.662608	662	6	1	1	1	1	0	1776	28	0	69.278 	0	0
UL	0.664608	664	6	1	1	1	1	0	1776	28	0	69.278 	0	0
DL	0.665108	665	1	1	1	1	1	0	1776	28	0	69.278	 	0	0
DL	0.667146	667	1	1	10	1	1	0	17809	28	0	69.278	 	0	0
UL	0.667708	667	7	1	1	1	1	0	1776	28	0	69.278 	0	0
DL	0.668208	668	2	1	1	1	1	0	1776	28	0	69.278	 	0	0
UL	0.668808	668	8	1	1	1	1	0	1776	28	0	69.278 	0	0
UL	0.670808	670	8	1	1	1	1	0	1776	28	0	69.278 	0	0
DL	0.671308	671	3	1	1	1	1	0	1776	28	0	69.278	 	0	0
DL	0.673342	673	3	1	9	1	1	0	16030	28	0	69.278	 	0	0
UL	0.673908	673	9	1	1	1	1	0	1776	28	0	69.278 	0	0
DL	0.674408	674	4	1	1	1	1	0	1776	28	0	69.278	 	0	0
UL	0.675008	675	0	1	1	1	1	0	1776	28	0	69.278 	0	0
UL	0.677008	677	0	1	1	1	1	0	1776	28	0	69.278 	0	0
DL	0.677508	677	5	1	1	1	1	0	1776	28	0	69.278	 	0	0
DL	0.679542	679	5	1	9	1	1	0	16030	28	0	69.278	 	0	0
UL	0.680108	680	1	1	1	1	1	0	1776	28	0	69.278 	0	0
DL	0.680608	680	6	1	1	1	1	0	1776	28	0	69.278	 	0	0
UL	0.681208	681	2	1	1	1	1	0	1776	28	0	69.278 	0	0
UL	0.683208	683	2	1	1	1	1	0	1776	28	0	69.278 	0	0
DL	0.683708	683	7	1	1	1	1	0	1776	28	0	69.278	 	0	0
DL	0.685742	685	7	1	9	1	1	0	16030	28	0	69.278	 	0	0
UL	0.686308	686	3	1	1	1	1	0	1776	28	0	69.278 	0	0
DL	0.686808	686	8	1	1	1	1	0	1776	28	0	69.278	 	0	0
UL	0.687408	687	4	1	1	1	1	0	1776	28	0	69.278 	0	0
UL	0.689408	689	4	1	1	1	1	0	1776	28	0	69.278 	0	0
DL	0.689908	689	9	1	1	1	1	0	1776	28	0	69.278	 	0	0
DL	0.691942	691	9	1	9	1	1	0	16030	28	0	69.278	 	0	0
UL	0.692508	692	5	1	1	1	1	0	1776	28	0	69.278 	0	0
DL	0.693008	693	0	1	1	1	1	0	1776	28	0	69.278	 	0	0
UL	0.693608	693	6	1	1	1	1	0	1776	28	0	69.278 	0	0
UL	0.695608	695	6	1	1	1	1	0	1776	28	0	69.278 	0	0
DL	0.696108	696	1	1	1	1	1	0	1776	28	0	69.278	 	0	0
DL	0.698142	698	1	1	9	1	1	0	16030	28	0	69.278	 	0	0
UL	0.698708	698	7	1	1	1	1	0	1776	28	0	69.278 	0	0
DL	0.699208	699	2	1	1	1	1	0	1776	28	0	69.278	 	0	0
UL	0.699808	699	8	1	1	1	1	0	1776	28	0	69.278 	0	0
UL	0.701808	701	8	1	1	1	1	0	1776	28	0	72.972 	0	0
DL	0.702308	702	3	1	1	1	1	0	1776	28	0	72.972	 	0	0
DL	0.704342	704	3	1	9	1	1	0	16030	28	0	72.972	 	0	0
UL	0.704908	704	9	1	1	1	1	0	1776	28	0	72.972 	0	0
DL	0.705408	705	4	1	1	1	1	0	1776	28	0	72.972	 	0	0
UL	0.706008	706	0	1	1	1	1	0	1776	28	0	72.972 	0	0
UL	0.708008	708	0	1	1	1	1	0	1776	28	0	72.972 	0	0
DL	0.708508	708	5	1	1	1	1	0	1776	28	0	72.972	 	0	0
DL	0.710542	710	5	1	9	1	1	0	16030	28	0	72.972	 	0	0
UL	0.711108	711	1	1	1	1	1	0	1776	28	0	72.972 	0	0
DL	0.711608	711	6	1	1	1	1	0	1776	28	0	72.972	 	0	0
UL	0.712208	712	2	1	1	1	1	0	1776	28	0	72.972 	0	0
UL	0.714208	714	2	1	1	1	1	0	1776	28	0	72.972 	0	0
DL	0.714708	714	7	1	1	1	1	0	1776	28	0	72.972	 	0	0
DL	0.716742	716	7	1	9	1	1	0	16030	28	0	72.972	 	0	0
UL	0.717308	717	3	1	1	1	1	0	1776	28	0	72.972 	0	0
DL	0.717808	717	8	1	1	1	1	0	1776	28	0	72.972	 	0	0
UL	0.718408	718	4	1	1	1	1	0	1776	28	0	72.972 	0	0
UL	0.720408	720	4	1	1	1	1	0	1776	28	0	72.972 	0	0
DL	0.720908	720	9	1	1	1	1	0	1776	28	0	72.972	 	0	0
DL	0.722942	722	9	1	9	1	1	0	16030	28	0	72.972	 	0	0
UL	0.723508	723	5	1	1	1	1	0	1776	28	0	72.972 	0	0
DL	0.724008	724	0	1	1	1	1	0	1776	28	0	72.972	 	0	0
UL	0.724608	724	6	1	1	1	1	0	1776	28	0	72.972 	0	0
UL	0.726608	726	6	1	1	1	1	0	1776	28	0	72.972 	0	0
DL	0.727108	727	1	1	1	1	1	0	1776	28	0	72.972	 	0	0
DL	0.729142	729	1	1	9	1	1	0	16030	28	0	72.972	 	0	0
UL	0.729708	729	7	1	1	1	1	0	1776	28	0	72.972 	0	0
DL	0.730208	730	2	1	1	1	1	0	1776	28	0	72.972	 	0	0
UL	0.730808	730	8	1	1	1	1	0	1776	28	0	72.972 	0	0
UL	0.732808	732	8	1	1	1	1	0	1776	28	0	72.972 	0	0
DL	0.733308	733	3	1	1	1	1	0	1776	28	0	72.972	 	0	0
DL	0.735342	735	3	1	9	1	1	0	16030	28	0	72.972	 	0	0
UL	0.735908	735	9	1	1	1	1	0	1776	28	0	72.972 	0	0
DL	0.736408	736	4	1	1	1	1	0	1776	28	0	72.972	 	0	0
UL	0.737008	737	0	1	1	1	1	0	1776	28	0	72.972 	0	0
UL	0.739008	739	0	1	1	1	1	0	1776	28	0	72.972 	0	0
DL	0.739508	739	5	1	1	1	1	0	1776	28	0	72.972	 	0	0
DL	0.741542	741	5	1	9	1	1	0	16030	28	0	72.972	 	0	0
UL	0.742108	742	1	1	1	1	1	0	1776	28	0	72.972 	0	0
DL	0.742608	742	6	1	1	1	1	0	1776	28	0	72.972	 	0	0
UL	0.743208	743	2	1	1	1	1	0	1776	28	0	72.972 	0	0
UL	0.745208	745	2	1	1	1	1	0	1776	28	0	72.972 	0	0
DL	0.745708	745	7	1	1	1	1	0	1776	28	0	72.972	 	0	0
DL	0.747742	747	7	1	9	1	1	0	16030	28	0	72.972	 	0	0
UL	0.748308	748	3	1	1	1	1	0	1776	28	0	72.972 	0	0
DL	0.748808	748	8	1	1	1	1	0	1776	28	0	72.972	 	0	0
UL	0.749408	749	4	1	1	1	1	0	1776	28	0	72.972 	0	0
UL	0.751408	751	4	1	1	1	1	0	1776	28	0	72.972 	0	0
DL	0.751908	751	9	1	1	1	1	0	1776	28	0	72.972	 	0	0
DL	0.753942	753	9	1	9	1	1	0	16030	28	0	72.972	 	0	0
UL	0.754508	754	5	1	1	1	1	0	1776	28	0	72.972 	0	0
DL	0.755008	755	0	1	1	1	1	0	1776	28	0	72.972	 	0	0
UL	0.755608	755	6	1	1	1	1	0	1776	28	0	72.972 	0	0
UL	0.757608	757	6	1	1	1	1	0	1776	28	0	72.972 	0	0
DL	0.758108	758	1	1	1	1	1	0	1776	28	0	72.972	 	0	0
DL	0.760146	760	1	1	10	1	1	0	17809	28	0	72.972	 	0	0
UL	0.760708	760	7	1	1	1	1	0	1776	28	0	72.972 	0	0
DL	0.761208	761	2	1	1	1	1	0	1776	28	0	72.972	 	0	0
UL	0.761808	761	8	1	1	1	1	0	1776	28	0	72.972 	0	0
UL	0.763808	763	8	1	1	1	1	0	1776	28	0	72.972 	0	0
DL	0.764308	764	3	1	1	1	1	0	1776	28	0	72.972	 	0	0
DL	0.766342	766	3	1	9	1	1	0	16030	28	0	72.972	 	0	0
UL	0.766908	766	9	1	1	1	1	0	1776	28	0	72.972 	0	0
DL	0.767408	767	4	1	1	1	1	0	1776	28	0	72.972	 	0	0
UL	0.768008	768	0	1	1	1	1	0	1776	28	0	72.972 	0	0
UL	0.770008	770	0	1	1	1	1	0	1776	28	0	72.972 	0	0
DL	0.770508	770	5	1	1	1	1	0	1776	28	0	72.972	 	0	0
DL	0.772542	772	5	1	9	1	1	0	16030	28	0	72.972	 	0	0
UL	0.773108	773	1	1	1	1	1	0	1776	28	0	72.972 	0	0
DL	0.773608	773	6	1	1	1	1	0	1776	28	0	72.972	 	0	0
UL	0.774208	774	2	1	1	1	1	0	1776	28	0	72.972 	0	0
UL	0.776208	776	2	1	1	1	1	0	1776	28	0	72.972 	0	0
DL	0.776708	776	7	1	1	1	1	0	1776	28	0	72.972	 	0	0
DL	0.778742	778	7	1	9	1	1	0	16030	28	0	72.972	 	0	0
UL	0.779308	779	3	1	1	1	1	0	1776	28	0	72.972 	0	0
DL	0.779808	779	8	1	1	1	1	0	1776	28	0	72.972	 	0	0
UL	0.780408	780	4	1	1	1	1	0	1776	28	0	72.972 	0	0
UL	0.782408	782	4	1	1	1	1	0	1776	28	0	72.972 	0	0
DL	0.782908	782	9	1	1	1	1	0	1776	28	0	72.972	 	0	0
DL	0.784942	784	9	1	9	1	1	0	16030	28	0	72.972	 	0	0
UL	0.785508	785	5	1	1	1	1	0	1776	28	0	72.972 	0	0
DL	0.786008	786	0	1	1	1	1	0	1776	28	0	72.972	 	0	0
UL	0.786608	786	6	1	1	1	1	0	1776	28	0	72.972 	0	0
UL	0.788608	788	6	1	1	1	1	0	1776	28	0	72.972 	0	0
DL	0.789108	789	1	1	1	1	1	0	1776	28	0	72.972	 	0	0
DL	0.791146	791	1	1	10	1	1	0	17809	28	0	72.972	 	0	0
UL	0.791708	791	7	1	1	1	1	0	1776	28	0	72.972 	0	0
DL	0.792208	792	2	1	1	1	1	0	1776	28	0	72.972	 	0	0
UL	0.792808	792	8	1	1	1	1	0	1776	28	0	72.972 	0	0
UL	0.794808	794	8	1	1	1	1	0	1776	28	0	72.972 	0	0
DL	0.795308	795	3	1	1	1	1	0	1776	28	0	72.972	 	0	0
DL	0.797342	797	3	1	9	1	1	0	16030	28	0	72.972	 	0	0
UL	0.797908	797	9	1	1	1	1	0	1776	28	0	72.972 	0	0
DL	0.798408	798	4	1	1	1	1	0	1776	28	0	72.972	 	0	0
UL	0.799008	799	0	1	1	1	1	0	1776	28	0	72.972 	0	0
UL	0.801008	801	0	1	1	1	1	0	1776	28	0	73.8339 	0	0
DL	0.801508	801	5	1	1	1	1	0	1776	28	0	73.8339	 	0	0
DL	0.803542	803	5	1	9	1	1	0	16030	28	0	73.8339	 	0	0
UL	0.804108	804	1	1	1	1	1	0	1776	28	0	73.8339 	0	0
DL	0.804608	804	6	1	1	1	1	0	1776	28	0	73.8339	 	0	0
UL	0.805208	805	2	1	1	1	1	0	1776	28	0	73.8339 	0	0
UL	0.807208	807	2	1	1	1	1	0	1776	28	0	73.8339 	0	0
DL	0.807708	807	7	1	1	1	1	0	1776	28	0	73.8339	 	0	0
DL	0.809746	809	7	1	10	1	1	0	17809	28	0	73.8339	 	0	0
UL	0.810308	810	3	1	1	1	1	0	1776	28	0	73.8339 	0	0
DL	0.810808	810	8	1	1	1	1	0	1776	28	0	73.8339	 	0	0
UL	0.811408	811	4	1	1	1	1	0	1776	28	0	73.8339 	0	0
UL	0.813408	813	4	1	1	1	1	0	1776	28	0	73.8339 	0	0
DL	0.813908	813	9	1	1	1	1	0	1776	28	0	73.8339	 	0	0
DL	0.815942	815	9	1	9	1	1	0	16030	28	0	73.8339	 	0	0
UL	0.816508	816	5	1	1	1	1	0	1776	28	0	73.8339 	0	0
DL	0.817008	817	0	1	1	1	1	0	1776	28	0	73.8339	 	0	0
UL	0.817608	817	6	1	1	1	1	0	1776	28	0	73.8339 	0	0
UL	0.819608	819	6	1	1	1	1	0	1776	28	0	73.8339 	0	0
DL	0.820108	820	1	1	1	1	1	0	1776	28	0	73.8339	 	0	0
DL	0.822142	822	1	1	9	1	1	0	16030	28	0	73.8339	 	0	0
UL	0.822708	822	7	1	1	1	1	0	1776	28	0	73.8339 	0	0
DL	0.823208	823	2	1	1	1	1	0	1776	28	0	73.8339	 	0	0
UL	0.823808	823	8	1	1	1	1	0	1776	28	0	73.8339 	0	0
UL	0.825808	825	8	1	1	1	1	0	1776	28	0	73.8339 	0	0
DL	0.826308	826	3	1	1	1	1	0	1776	28	0	73.8339	 	0	0
DL	0.828342	828	3	1	9	1	1	0	16030	28	0	73.8339	 	0	0
UL	0.828908	828	9	1	1	1	1	0	1776	28	0	73.8339 	0	0
DL	0.829408	829	4	1	1	1	1	0	1776	28	0	73.8339	 	0	0
UL	0.830008	830	0	1	1	1	1	0	1776	28	0	73.8339 	0	0
UL	0.832008	832	0	1	1	1	1	0	1776	28	0	73.8339 	0	0
DL	0.832508	832	5	1	1	1	1	0	1776	28	0	73.8339	 	0	0
DL	0.834542	834	5	1	9	1	1	0	16030	28	0	73.8339	 	0	0
UL	0.835108	835	1	1	1	1	1	0	1776	28	0	73.8339 	0	0
DL	0.835608	835	6	1	1	1	1	0	1776	28	0	73.8339	 	0	0
UL	0.836208	836	2	1	1	1	1	0	1776	28	0	73.8339 	0	0
UL	0.838208	838	2	1	1	1	1	0	1776	28	0	73.8339 	0	0
DL	0.838708	838	7	1	1	1	1	0	1776	28	0	73.8339	 	0	0
DL	0.840746	840	7	1	10	1	1	0	17809	28	0	73.8339	 	0	0
UL	0.841308	841	3	1	1	1	1	0	1776	28	0	73.8339 	0	0
DL	0.841808	841	8	1	1	1	1	0	1776	28	0	73.8339	 	0	0
UL	0.842408	842	4	1	1	1	1	0	1776	28	0	73.8339 	0	0
UL	0.844408	844	4	1	1	1	1	0	1776	28	0	73.8339 	0	0
DL	0.844908	844	9	1	1	1	1	0	1776	28	0	73.8339	 	0	0
DL	0.846946	846	9	1	10	1	1	0	17809	28	0	73.8339	 	0	0
UL	0.847508	847	5	1	1	1	1	0	1776	28	0	73.8339 	0	0
DL	0.848008	848	0	1	1	1	1	0	1776	28	0	73.8339	 	0	0
UL	0.848608	848	6	1	1	1	1	0	1776	28	0	73.8339 	0	0
UL	0.850608	850	6	1	1	1	1	0	1776	28	0	73.8339 	0	0
DL	0.851108	851	1	1	1	1	1	0	1776	28	0	73.8339	 	0	0
DL	0.853142	853	1	1	9	1	1	0	16030	28	0	73.8339	 	0	0
UL	0.853708	853	7	1	1	1	1	0	1776	28	0	73.8339 	0	0
DL	0.854208	854	2	1	1	1	1	0	1776	28	0	73.8339	 	0	0
UL	0.854808	854	8	1	1	1	1	0	1776	28	0	73.8339 	0	0
UL	0.856808	856	8	1	1	1	1	0	1776	28	0	73.8339 	0	0
DL	0.857308	857	3	1	1	1	1	0	1776	28	0	73.8339	 	0	0
DL	0.859342	859	3	1	9	1	1	0	16030	28	0	73.8339	 	0	0
UL	0.859908	859	9	1	1	1	1	0	1776	28	0	73.8339 	0	0
DL	0.860408	860	4	1	1	1	1	0	1776	28	0	73.8339	 	0	0
UL	0.861008	861	0	1	1	1	1	0	1776	28	0	73.8339 	0	0
UL	0.863008	863	0	1	1	1	1	0	1776	28	0	73.8339 	0	0
DL	0.863508	863	5	1	1	1	1	0	1776	28	0	73.8339	 	0	0
DL	0.865542	865	5	1	9	1	1	0	16030	28	0	73.8339	 	0	0
UL	0.866108	866	1	1	1	1	1	0	1776	28	0	73.8339 	0	0
DL	0.866608	866	6	1	1	1	1	0	1776	28	0	73.8339	 	0	0
UL	0.867208	867	2	1	1	1	1	0	1776	28	0	73.8339 	0	0
UL	0.869208	869	2	1	1	1	1	0	1776	28	0	73.8339 	0	0
DL	0.869708	869	7	1	1	1	1	0	1776	28	0	73.8339	 	0	0
DL	0.871742	871	7	1	9	1	1	0	16030	28	0	73.8339	 	0	0
UL	0.872308	872	3	1	1	1	1	0	1776	28	0	73.8339 	0	0
DL	0.872808	872	8	1	1	1	1	0	1776	28	0	73.8339	 	0	0
UL	0.873408	873	4	1	1	1	1	0	1776	28	0	73.8339 	0	0
UL	0.875408	875	4	1	1	1	1	0	1776	28	0	73.8339 	0	0
DL	0.875908	875	9	1	1	1	1	0	1776	28	0	73.8339	 	0	0
DL	0.877946	877	9	1	10	1	1	0	17809	28	0	73.8339	 	0	0
UL	0.878508	878	5	1	1	1	1	0	1776	28	0	73.8339 	0	0
DL	0.879008	879	0	1	1	1	1	0	1776	28	0	73.8339	 	0	0
UL	0.879608	879	6	1	1	1	1	0	1776	28	0	73.8339 	0	0
UL	0.881608	881	6	1	1	1	1	0	1776	28	0	73.8339 	0	0
DL	0.882108	882	1	1	1	1	1	0	1776	28	0	73.8339	 	0	0
DL	0.884142	884	1	1	9	1	1	0	16030	28	0	73.8339	 	0	0
UL	0.884708	884	7	1	1	1	1	0	1776	28	0	73.8339 	0	0
DL	0.885208	885	2	1	1	1	1	0	1776	28	0	73.8339	 	0	0
UL	0.885808	885	8	1	1	1	1	0	1776	28	0	73.8339 	0	0
UL	0.887808	887	8	1	1	1	1	0	1776	28	0	73.8339 	0	0
DL	0.888308	888	3	1	1	1	1	0	1776	28	0	73.8339	 	0	0
DL	0.890342	890	3	1	9	1	1	0	16030	28	0	73.8339	 	0	0
UL	0.890908	890	9	1	1	1	1	0	1776	28	0	73.8339 	0	0
DL	0.891408	891	4	1	1	1	1	0	1776	28	0	73.8339	 	0	0
UL	0.892008	892	0	1	1	1	1	0	1776	28	0	73.8339 	0	0
UL	0.894008	894	0	1	1	1	1	0	1776	28	0	73.8339 	0	0
DL	0.894508	894	5	1	1	1	1	0	1776	28	0	73.8339	 	0	0
DL	0.896546	896	5	1	10	1	1	0	17809	28	0	73.8339	 	0	0
UL	0.897108	897	1	1	1	1	1	0	1776	28	0	73.8339 	0	0
DL	0.897608	897	6	1	1	1	1	0	1776	28	0	73.8339	 	0	0
UL	0.898208	898	2	1	1	1	1	0	1776	28	0	73.8339 	0	0
UL	0.900208	900	2	1	1	1	1	0	1776	28	0	68.8489 	0	0
DL	0.900708	900	7	1	1	1	1	0	1776	28	0	68.8489	 	0	0
DL	0.902742	902	7	1	9	1	1	0	16030	28	0	68.8489	 	0	0
UL	0.903308	903	3	1	1	1	1	0	1776	28	0	68.8489 	0	0
DL	0.903808	903	8	1	1	1	1	0	1776	28	0	68.8489	 	0	0
UL	0.904408	904	4	1	1	1	1	0	1776	28	0	68.8489 	0	0
UL	0.906408	906	4	1	1	1	1	0	1776	28	0	68.8489 	0	0
DL	0.906908	906	9	1	1	1	1	0	1776	28	0	68.8489	 	0	0
DL	0.908942	908	9	1	9	1	1	0	16030	28	0	68.8489	 	0	0
UL	0.909508	909	5	1	1	1	1	0	1776	28	0	68.8489 	0	0
DL	0.910008	910	0	1	1	1	1	0	1776	28	0	68.8489	 	0	0
UL	0.910608	910	6	1	1	1	1	0	1776	28	0	68.8489 	0	0
UL	0.912608	912	6	1	1	1	1	0	1776	28	0	68.8489 	0	0
DL	0.913108	913	1	1	1	1	1	0	1776	28	0	68.8489	 	0	0
DL	0.915142	915	1	1	9	1	1	0	16030	28	0	68.8489	 	0	0
UL	0.915708	915	7	1	1	1	1	0	1776	28	0	68.8489 	0	0
DL	0.916208	916	2	1	1	1	1	0	1776	28	0	68.8489	 	0	0
UL	0.916808	916	8	1	1	1	1	0	1776	28	0	68.8489 	0	0
UL	0.918808	918	8	1	1	1	1	0	1776	28	0	68.8489 	0	0
DL	0.919308	919	3	1	1	1	1	0	1776	28	0	68.8489	 	0	0
DL	0.921342	921	3	1	9	1	1	0	16030	28	0	68.8489	 	0	0
UL	0.921908	921	9	1	1	1	1	0	1776	28	0	68.8489 	0	0
DL	0.922408	922	4	1	1	1	1	0	1776	28	0	68.8489	 	0	0
UL	0.923008	923	0	1	1	1	1	0	1776	28	0	68.8489 	0	0
UL	0.925008	925	0	1	1	1	1	0	1776	28	0	68.8489 	0	0
DL	0.925508	925	5	1	1	1	1	0	1776	28	0	68.8489	 	0	0
DL	0.927546	927	5	1	10	1	1	0	17809	28	0	68.8489	 	0	0
UL	0.928108	928	1	1	1	1	1	0	1776	28	0	68.8489 	0	0
DL	0.928608	928	6	1	1	1	1	0	1776	28	0	68.8489	 	0	0
UL	0.929208	929	2	1	1	1	1	0	1776	28	0	68.8489 	0	0
UL	0.931208	931	2	1	1	1	1	0	1776	28	0	68.8489 	0	0
DL	0.931708	931	7	1	1	1	1	0	1776	28	0	68.8489	 	0	0
DL	0.933742	933	7	1	9	1	1	0	16030	28	0	68.8489	 	0	0
UL	0.934308	934	3	1	1	1	1	0	1776	28	0	68.8489 	0	0
DL	0.934808	934	8	1	1	1	1	0	1776	28	0	68.8489	 	0	0
UL	0.935408	935	4	1	1	1	1	0	1776	28	0	68.8489 	0	0
UL	0.937408	937	4	1	1	1	1	0	1776	28	0	68.8489 	0	0
DL	0.937908	937	9	1	1	1	1	0	1776	28	0	68.8489	 	0	0
DL	0.939942	939	9	1	9	1	1	0	16030	28	0	68.8489	 	0	0
UL	0.940508	940	5	1	1	1	1	0	1776	28	0	68.8489 	0	0
DL	0.941008	941	0	1	1	1	1	0	1776	28	0	68.8489	 	0	0
UL	0.941608	941	6	1	1	1	1	0	1776	28	0	68.8489 	0	0
UL	0.943608	943	6	1	1	1	1	0	1776	28	0	68.8489 	0	0
DL	0.944108	944	1	1	1	1	1	0	1776	28	0	68.8489	 	0	0
DL	0.946142	946	1	1	9	1	1	0	16030	28	0	68.8489	 	0	0
UL	0.946708	946	7	1	1	1	1	0	1776	28	0	68.8489 	0	0
DL	0.947208	947	2	1	1	1	1	0	1776	28	0	68.8489	 	0	0
UL	0.947808	947	8	1	1	1	1	0	1776	28	0	68.8489 	0	0
UL	0.949808	949	8	1	1	1	1	0	1776	28	0	68.8489 	0	0
DL	0.950308	950	3	1	1	1	1	0	1776	28	0	68.8489	 	0	0
DL	0.952342	952	3	1	9	1	1	0	16030	28	0	68.8489	 	0	0
UL	0.952908	952	9	1	1	1	1	0	1776	28	0	68.8489 	0	0
DL	0.953408	953	4	1	1	1	1	0	1776	28	0	68.8489	 	0	0
UL	0.954008	954	0	1	1	1	1	0	1776	28	0	68.8489 	0	0
UL	0.956008	956	0	1	1	1	1	0	1776	28	0	68.8489 	0	0
DL	0.956508	956	5	1	1	1	1	0	1776	28	0	68.8489	 	0	0
DL	0.958542	958	5	1	9	1	1	0	16030	28	0	68.8489	 	0	0
UL	0.959108	959	1	1	1	1	1	0	1776	28	0	68.8489 	0	0
DL	0.959608	959	6	1	1	1	1	0	1776	28	0	68.8489	 	0	0
UL	0.960208	960	2	1	1	1	1	0	1776	28	0	68.8489 	0	0
UL	0.962208	962	2	1	1	1	1	0	1776	28	0	68.8489 	0	0
DL	0.962708	962	7	1	1	1	1	0	1776	28	0	68.8489	 	0	0
DL	0.964742	964	7	1	9	1	1	0	16030	28	0	68.8489	 	0	0
UL	0.965308	965	3	1	1	1	1	0	1776	28	0	68.8489 	0	0
DL	0.965808	965	8	1	1	1	1	0	1776	28	0	68.8489	 	0	0
UL	0.966408	966	4	1	1	1	1	0	1776	28	0	68.8489 	0	0
UL	0.968408	968	4	1	1	1	1	0	1776	28	0	68.8489 	0	0
DL	0.968908	968	9	1	1	1	1	0	1776	28	0	68.8489	 	0	0
DL	0.970942	970	9	1	9	1	1	0	16030	28	0	68.8489	 	0	0
UL	0.971508	971	5	1	1	1	1	0	1776	28	0	68.8489 	0	0
DL	0.972008	972	0	1	1	1	1	0	1776	28	0	68.8489	 	0	0
UL	0.972608	972	6	1	1	1	1	0	1776	28	0	68.8489 	0	0
UL	0.974608	974	6	1	1	1	1	0	1776	28	0	68.8489 	0	0
DL	0.975108	975	1	1	1	1	1	0	1776	28	0	68.8489	 	0	0
DL	0.977146	977	1	1	10	1	1	0	17809	28	0	68.8489	 	0	0
UL	0.977708	977	7	1	1	1	1	0	1776	28	0	68.8489 	0	0
DL	0.978208	978	2	1	1	1	1	0	1776	28	0	68.8489	 	0	0
UL	0.978808	978	8	1	1	1	1	0	1776	28	0	68.8489 	0	0
UL	0.980808	980	8	1	1	1	1	0	1776	28	0	68.8489 	0	0
DL	0.981308	981	3	1	1	1	1	0	1776	28	0	68.8489	 	0	0
DL	0.983342	983	3	1	9	1	1	0	16030	28	0	68.8489	 	0	0
UL	0.983908	983	9	1	1	1	1	0	1776	28	0	68.8489 	0	0
DL	0.984408	984	4	1	1	1	1	0	1776	28	0	68.8489	 	0	0
UL	0.985008	985	0	1	1	1	1	0	1776	28	0	68.8489 	0	0
UL	0.987008	987	0	1	1	1	1	0	1776	28	0	68.8489 	0	0
DL	0.987508	987	5	1	1	1	1	0	1776	28	0	68.8489	 	0	0
DL	0.989542	989	5	1	9	1	1	0	16030	28	0	68.8489	 	0	0
UL	0.990108	990	1	1	1	1	1	0	1776	28	0	68.8489 	0	0
DL	0.990608	990	6	1	1	1	1	0	1776	28	0	68.8489	 	0	0
UL	0.991208	991	2	1	1	1	1	0	1776	28	0	68.8489 	0	0
UL	0.993208	993	2	1	1	1	1	0	1776	28	0	68.8489 	0	0
DL	0.993708	993	7	1	1	1	1	0	1776	28	0	68.8489	 	0	0
DL	0.995742	995	7	1	9	1	1	0	16030	28	0	68.8489	 	0	0
UL	0.996308	996	3	1	1	1	1	0	1776	28	0	68.8489 	0	0
DL	0.996808	996	8	1	1	1	1	0	1776	28	0	68.8489	 	0	0
UL	0.997408	997	4	1	1	1	1	0	1776	28	0	68.8489 	0	0
UL	0.999408	999	4	1	1	1	1	0	1776	28	0	68.8489 	0	0
DL	0.999908	999	9	1	1	1	1	0	1776	28	0	68.8489	 	0	0
DL	1.00194	1001	9	1	9	1	1	0	16030	28	0	70.5591	 	0	0
UL	1.00251	1002	5	1	1	1	1	0	1776	28	0	70.5591 	0	0
DL	1.00301	1003	0	1	1	1	1	0	1776	28	0	70.5591	 	0	0
UL	1.00361	1003	6	1	1	1	1	0	1776	28	0	70.5591 	0	0
UL	1.00561	1005	6	1	1	1	1	0	1776	28	0	70.5591 	0	0
DL	1.00611	1006	1	1	1	1	1	0	1776	28	0	70.5591	 	0	0
DL	1.00815	1008	1	1	10	1	1	0	17809	28	0	70.5591	 	0	0
UL	1.00871	1008	7	1	1	1	1	0	1776	28	0	70.5591 	0	0
DL	1.00921	1009	2	1	1	1	1	0	1776	28	0	70.5591	 	0	0
UL	1.00981	1009	8	1	1	1	1	0	1776	28	0	70.5591 	0	0
UL	1.01181	1011	8	1	1	1	1	0	1776	28	0	70.5591 	0	0
DL	1.01231	1012	3	1	1	1	1	0	1776	28	0	70.5591	 	0	0
DL	1.01435	1014	3	1	10	1	1	0	17809	28	0	70.5591	 	0	0
UL	1.01491	1014	9	1	1	1	1	0	1776	28	0	70.5591 	0	0
DL	1.01541	1015	4	1	1	1	1	0	1776	28	0	70.5591	 	0	0
UL	1.01601	1016	0	1	1	1	1	0	1776	28	0	70.5591 	0	0
UL	1.01801	1018	0	1	1	1	1	0	1776	28	0	70.5591 	0	0
DL	1.01851	1018	5	1	1	1	1	0	1776	28	0	70.5591	 	0	0
DL	1.02054	1020	5	1	9	1	1	0	16030	28	0	70.5591	 	0	0
UL	1.02111	1021	1	1	1	1	1	0	1776	28	0	70.5591 	0	0
DL	1.02161	1021	6	1	1	1	1	0	1776	28	0	70.5591	 	0	0
UL	1.02221	1022	2	1	1	1	1	0	1776	28	0	70.5591 	0	0
UL	1.02421	1024	2	1	1	1	1	0	1776	28	0	70.5591 	0	0
DL	1.02471	1024	7	1	1	1	1	0	1776	28	0	70.5591	 	0	0
DL	1.02674	1026	7	1	9	1	1	0	16030	28	0	70.5591	 	0	0
UL	1.02731	1027	3	1	1	1	1	0	1776	28	0	70.5591 	0	0
DL	1.02781	1027	8	1	1	1	1	0	1776	28	0	70.5591	 	0	0
UL	1.02841	1028	4	1	1	1	1	0	1776	28	0	70.5591 	0	0
UL	1.03041	1030	4	1	1	1	1	0	1776	28	0	70.5591 	0	0
DL	1.03091	1030	9	1	1	1	1	0	1776	28	0	70.5591	 	0	0
DL	1.03295	1032	9	1	10	1	1	0	17809	28	0	70.5591	 	0	0
UL	1.03351	1033	5	1	1	1	1	0	1776	28	0	70.5591 	0	0
DL	1.03401	1034	0	1	1	1	1	0	1776	28	0	70.5591	 	0	0
UL	1.03461	1034	6	1	1	1	1	0	1776	28	0	70.5591 	0	0
UL	1.03661	1036	6	1	1	1	1	0	1776	28	0	70.5591 	0	0
DL	1.03711	1037	1	1	1	1	1	0	1776	28	0	70.5591	 	0	0
DL	1.03914	1039	1	1	9	1	1	0	16030	28	0	70.5591	 	0	0
UL	1.03971	1039	7	1	1	1	1	0	1776	28	0	70.5591 	0	0
DL	1.04021	1040	2	1	1	1	1	0	1776	28	0	70.5591	 	0	0
UL	1.04081	1040	8	1	1	1	1	0	1776	28	0	70.5591 	0	0
UL	1.04281	1042	8	1	1	1	1	0	1776	28	0	70.5591 	0	0
DL	1.04331	1043	3	1	1	1	1	0	1776	28	0	70.5591	 	0	0
DL	1.04534	1045	3	1	9	1	1	0	16030	28	0	70.5591	 	0	0
UL	1.04591	1045	9	1	1	1	1	0	1776	28	0	70.5591 	0	0
DL	1.04641	1046	4	1	1	1	1	0	1776	28	0	70.5591	 	0	0
UL	1.04701	1047	0	1	1	1	1	0	1776	28	0	70.5591 	0	0
UL	1.04901	1049	0	1	1	1	1	0	1776	28	0	70.5591 	0	0
DL	1.04951	1049	5	1	1	1	1	0	1776	28	0	70.5591	 	0	0
DL	1.05154	1051	5	1	9	1	1	0	16030	28	0	70.5591	 	0	0
UL	1.05211	1052	1	1	1	1	1	0	1776	28	0	70.5591 	0	0
DL	1.05261	1052	6	1	1	1	1	0	1776	28	0	70.5591	 	0	0
UL	1.05321	1053	2	1	1	1	1	0	1776	28	0	70.5591 	0	0
UL	1.05521	1055	2	1	1	1	1	0	1776	28	0	70.5591 	0	0
DL	1.05571	1055	7	1	1	1	1	0	1776	28	0	70.5591	 	0	0
DL	1.05774	1057	7	1	9	1	1	0	16030	28	0	70.5591	 	0	0
UL	1.05831	1058	3	1	1	1	1	0	1776	28	0	70.5591 	0	0
DL	1.05881	1058	8	1	1	1	1	0	1776	28	0	70.5591	 	0	0
UL	1.05941	1059	4	1	1	1	1	0	1776	28	0	70.5591 	0	0
UL	1.06141	1061	4	1	1	1	1	0	1776	28	0	70.5591 	0	0
DL	1.06191	1061	9	1	1	1	1	0	1776	28	0	70.5591	 	0	0
DL	1.06394	1063	9	1	9	1	1	0	16030	28	0	70.5591	 	0	0
UL	1.06451	1064	5	1	1	1	1	0	1776	28	0	70.5591 	0	0
DL	1.06501	1065	0	1	1	1	1	0	1776	28	0	70.5591	 	0	0
UL	1.06561	1065	6	1	1	1	1	0	1776	28	0	70.5591 	0	0
UL	1.06761	1067	6	1	1	1	1	0	1776	28	0	70.5591 	0	0
DL	1.06811	1068	1	1	1	1	1	0	1776	28	0	70.5591	 	0	0
DL	1.07014	1070	1	1	9	1	1	0	16030	28	0	70.5591	 	0	0
UL	1.07071	1070	7	1	1	1	1	0	1776	28	0	70.5591 	0	0
DL	1.07121	1071	2	1	1	1	1	0	1776	28	0	70.5591	 	0	0
UL	1.07181	1071	8	1	1	1	1	0	1776	28	0	70.5591 	0	0
UL	1.07381	1073	8	1	1	1	1	0	1776	28	0	70.5591 	0	0
DL	1.07431	1074	3	1	1	1	1	0	1776	28	0	70.5591	 	0	0
DL	1.07634	1076	3	1	9	1	1	0	16030	28	0	70.5591	 	0	0
UL	1.07691	1076	9	1	1	1	1	0	1776	28	0	70.5591 	0	0
DL	1.07741	1077	4	1	1	1	1	0	1776	28	0	70.5591	 	0	0
UL	1.07801	1078	0	1	1	1	1	0	1776	28	0	70.5591 	0	0
UL	1.08001	1080	0	1	1	1	1	0	1776	28	0	70.5591 	0	0
DL	1.08051	1080	5	1	1	1	1	0	1776	28	0	70.5591	 	0	0
DL	1.08254	1082	5	1	9	1	1	0	16030	28	0	70.5591	 	0	0
UL	1.08311	1083	1	1	1	1	1	0	1776	28	0	70.5591 	0	0
DL	1.08361	1083	6	1	1	1	1	0	1776	28	0	70.5591	 	0	0
UL	1.08421	1084	2	1	1	1	1	0	1776	28	0	70.5591 	0	0
UL	1.08621	1086	2	1	1	1	1	0	1776	28	0	70.5591 	0	0
DL	1.08671	1086	7	1	1	1	1	0	1776	28	0	70.5591	 	0	0
DL	1.08874	1088	7	1	9	1	1	0	16030	28	0	70.5591	 	0	0
UL	1.08931	1089	3	1	1	1	1	0	1776	28	0	70.5591 	0	0
DL	1.08981	1089	8	1	1	1	1	0	1776	28	0	70.5591	 	0	0
UL	1.09041	1090	4	1	1	1	1	0	1776	28	0	70.5591 	0	0
UL	1.09241	1092	4	1	1	1	1	0	1776	28	0	70.5591 	0	0
DL	1.09291	1092	9	1	1	1	1	0	1776	28	0	70.5591	 	0	0
DL	1.09494	1094	9	1	9	1	1	0	16030	28	0	70.5591	 	0	0
UL	1.09551	1095	5	1	1	1	1	0	1776	28	0	70.5591 	0	0
DL	1.09601	1096	0	1	1	1	1	0	1776	28	0	70.5591	 	0	0
UL	1.09661	1096	6	1	1	1	1	0	1776	28	0	70.5591 	0	0
UL	1.09861	1098	6	1	1	1	1	0	1776	28	0	70.5591 	0	0
DL	1.09911	1099	1	1	1	1	1	0	1776	28	0	70.5591	 	0	0
DL	1.10114	1101	1	1	9	1	1	0	16030	28	0	69.7827	 	0	0
UL	1.10171	1101	7	1	1	1	1	0	1776	28	0	69.7827 	0	0
DL	1.10221	1102	2	1	1	1	1	0	1776	28	0	69.7827	 	0	0
UL	1.10281	1102	8	1	1	1	1	0	1776	28	0	69.7827 	0	0
UL	1.10481	1104	8	1	1	1	1	0	1776	28	0	69.7827 	0	0
DL	1.10531	1105	3	1	1	1	1	0	1776	28	0	69.7827	 	0	0
DL	1.10734	1107	3	1	9	1	1	0	16030	28	0	69.7827	 	0	0
UL	1.10791	1107	9	1	1	1	1	0	1776	28	0	69.7827 	0	0
DL	1.10841	1108	4	1	1	1	1	0	1776	28	0	69.7827	 	0	0
UL	1.10901	1109	0	1	1	1	1	0	1776	28	0	69.7827 	0	0
UL	1.11101	1111	0	1	1	1	1	0	1776	28	0	69.7827 	0	0
DL	1.11151	1111	5	1	1	1	1	0	1776	28	0	69.7827	 	0	0
DL	1.11354	1113	5	1	9	1	1	0	16030	28	0	69.7827	 	0	0
UL	1.11411	1114	1	1	1	1	1	0	1776	28	0	69.7827 	0	0
DL	1.11461	1114	6	1	1	1	1	0	1776	28	0	69.7827	 	0	0
UL	1.11521	1115	2	1	1	1	1	0	1776	28	0	69.7827 	0	0
UL	1.11721	1117	2	1	1	1	1	0	1776	28	0	69.7827 	0	0
DL	1.11771	1117	7	1	1	1	1	0	1776	28	0	69.7827	 	0	0
DL	1.11974	1119	7	1	9	1	1	0	16030	28	0	69.7827	 	0	0
UL	1.12031	1120	3	1	1	1	1	0	1776	28	0	69.7827 	0	0
DL	1.12081	1120	8	1	1	1	1	0	1776	28	0	69.7827	 	0	0
UL	1.12141	1121	4	1	1	1	1	0	1776	28	0	69.7827 	0	0
UL	1.12341	1123	4	1	1	1	1	0	1776	28	0	69.7827 	0	0
DL	1.12391	1123	9	1	1	1	1	0	1776	28	0	69.7827	 	0	0
DL	1.12594	1125	9	1	9	1	1	0	16030	28	0	69.7827	 	0	0
UL	1.12651	1126	5	1	1	1	1	0	1776	28	0	69.7827 	0	0
DL	1.12701	1127	0	1	1	1	1	0	1776	28	0	69.7827	 	0	0
UL	1.12761	1127	6	1	1	1	1	0	1776	28	0	69.7827 	0	0
UL	1.12961	1129	6	1	1	1	1	0	1776	28	0	69.7827 	0	0
DL	1.13011	1130	1	1	1	1	1	0	1776	28	0	69.7827	 	0	0
DL	1.13214	1132	1	1	9	1	1	0	16030	28	0	69.7827	 	0	0
UL	1.13271	1132	7	1	1	1	1	0	1776	28	0	69.7827 	0	0
DL	1.13321	1133	2	1	1	1	1	0	1776	28	0	69.7827	 	0	0
UL	1.13381	1133	8	1	1	1	1	0	1776	28	0	69.7827 	0	0
UL	1.13581	1135	8	1	1	1	1	0	1776	28	0	69.7827 	0	0
DL	1.13631	1136	3	1	1	1	1	0	1776	28	0	69.7827	 	0	0
DL	1.13834	1138	3	1	9	1	1	0	16030	28	0	69.7827	 	0	0
UL	1.13891	1138	9	1	1	1	1	0	1776	28	0	69.7827 	0	0
DL	1.13941	1139	4	1	1	1	1	0	1776	28	0	69.7827	 	0	0
UL	1.14001	1140	0	1	1	1	1	0	1776	28	0	69.7827 	0	0
UL	1.14201	1142	0	1	1	1	1	0	1776	28	0	69.7827 	0	0
DL	1.14251	1142	5	1	1	1	1	0	1776	28	0	69.7827	 	0	0
DL	1.14455	1144	5	1	10	1	1	0	17809	28	0	69.7827	 	0	0
UL	1.14511	1145	1	1	1	1	1	0	1776	28	0	69.7827 	0	0
DL	1.14561	1145	6	1	1	1	1	0	1776	28	0	69.7827	 	0	0
UL	1.14621	1146	2	1	1	1	1	0	1776	28	0	69.7827 	0	0
UL	1.14821	1148	2	1	1	1	1	0	1776	28	0	69.7827 	0	0
DL	1.14871	1148	7	1	1	1	1	0	1776	28	0	69.7827	 	0	0
DL	1.15075	1150	7	1	10	1	1	0	17809	28	0	69.7827	 	0	0
UL	1.15131	1151	3	1	1	1	1	0	1776	28	0	69.7827 	0	0
DL	1.15181	1151	8	1	1	1	1	0	1776	28	0	69.7827	 	0	0
UL	1.15241	1152	4	1	1	1	1	0	1776	28	0	69.7827 	0	0
UL	1.15441	1154	4	1	1	1	1	0	1776	28	0	69.7827 	0	0
DL	1.15491	1154	9	1	1	1	1	0	1776	28	0	69.7827	 	0	0
DL	1.15694	1156	9	1	9	1	1	0	16030	28	0	69.7827	 	0	0
UL	1.15751	1157	5	1	1	1	1	0	1776	28	0	69.7827 	0	0
DL	1.15801	1158	0	1	1	1	1	0	1776	28	0	69.7827	 	0	0
UL	1.15861	1158	6	1	1	1	1	0	1776	28	0	69.7827 	0	0
UL	1.16061	1160	6	1	1	1	1	0	1776	28	0	69.7827 	0	0
DL	1.16111	1161	1	1	1	1	1	0	1776	28	0	69.7827	 	0	0
DL	1.16315	1163	1	1	10	1	1	0	17809	28	0	69.7827	 	0	0
UL	1.16371	1163	7	1	1	1	1	0	1776	28	0	69.7827 	0	0
DL	1.16421	1164	2	1	1	1	1	0	1776	28	0	69.7827	 	0	0
UL	1.16481	1164	8	1	1	1	1	0	1776	28	0	69.7827 	0	0
UL	1.16681	1166	8	1	1	1	1	0	1776	28	0	69.7827 	0	0
DL	1.16731	1167	3	1	1	1	1	0	1776	28	0	69.7827	 	0	0
DL	1.16934	1169	3	1	9	1	1	0	16030	28	0	69.7827	 	0	0
UL	1.16991	1169	9	1	1	1	1	0	1776	28	0	69.7827 	0	0
DL	1.17041	1170	4	1	1	1	1	0	1776	28	0	69.7827	 	0	0
UL	1.17101	1171	0	1	1	1	1	0	1776	28	0	69.7827 	0	0
UL	1.17301	1173	0	1	1	1	1	0	1776	28	0	69.7827 	0	0
DL	1.17351	1173	5	1	1	1	1	0	1776	28	0	69.7827	 	0	0
DL	1.17554	1175	5	1	9	1	1	0	16030	28	0	69.7827	 	0	0
UL	1.17611	1176	1	1	1	1	1	0	1776	28	0	69.7827 	0	0
DL	1.17661	1176	6	1	1	1	1	0	1776	28	0	69.7827	 	0	0
UL	1.17721	1177	2	1	1	1	1	0	1776	28	0	69.7827 	0	0
UL	1.17921	1179	2	1	1	1	1	0	1776	28	0	69.7827 	0	0
DL	1.17971	1179	7	1	1	1	1	0	1776	28	0	69.7827	 	0	0
DL	1.18175	1181	7	1	10	1	1	0	17809	28	0	69.7827	 	0	0
UL	1.18231	1182	3	1	1	1	1	0	1776	28	0	69.7827 	0	0
DL	1.18281	1182	8	1	1	1	1	0	1776	28	0	69.7827	 	0	0
UL	1.18341	1183	4	1	1	1	1	0	1776	28	0	69.7827 	0	0
UL	1.18541	1185	4	1	1	1	1	0	1776	28	0	69.7827 	0	0
DL	1.18591	1185	9	1	1	1	1	0	1776	28	0	69.7827	 	0	0
DL	1.18794	1187	9	1	9	1	1	0	16030	28	0	69.7827	 	0	0
UL	1.18851	1188	5	1	1	1	1	0	1776	28	0	69.7827 	0	0
DL	1.18901	1189	0	1	1	1	1	0	1776	28	0	69.7827	 	0	0
UL	1.18961	1189	6	1	1	1	1	0	1776	28	0	69.7827 	0	0
UL	1.19161	1191	6	1	1	1	1	0	1776	28	0	69.7827 	0	0
DL	1.19211	1192	1	1	1	1	1	0	1776	28	0	69.7827	 	0	0
DL	1.19414	1194	1	1	9	1	1	0	16030	28	0	69.7827	 	0	0
UL	1.19471	1194	7	1	1	1	1	0	1776	28	0	69.7827 	0	0
DL	1.19521	1195	2	1	1	1	1	0	1776	28	0	69.7827	 	0	0
UL	1.19581	1195	8	1	1	1	1	0	1776	28	0	69.7827 	0	0
UL	1.19781	1197	8	1	1	1	1	0	1776	28	0	69.7827 	0	0
DL	1.19831	1198	3	1	1	1	1	0	1776	28	0	69.7827	 	0	0
DL	1.20034	1200	3	1	9	1	1	0	16030	28	0	69.0144	 	0	0
UL	1.20091	1200	9	1	1	1	1	0	1776	28	0	69.0144 	0	0
DL	1.20141	1201	4	1	1	1	1	0	1776	28	0	69.0144	 	0	0
UL	1.20201	1202	0	1	1	1	1	0	1776	28	0	69.0144 	0	0
UL	1.20401	1204	0	1	1	1	1	0	1776	28	0	69.0144 	0	0
DL	1.20451	1204	5	1	1	1	1	0	1776	28	0	69.0144	 	0	0
DL	1.20654	1206	5	1	9	1	1	0	16030	28	0	69.0144	 	0	0
UL	1.20711	1207	1	1	1	1	1	0	1776	28	0	69.0144 	0	0
DL	1.20761	1207	6	1	1	1	1	0	1776	28	0	69.0144	 	0	0
UL	1.20821	1208	2	1	1	1	1	0	1776	28	0	69.0144 	0	0
UL	1.21021	1210	2	1	1	1	1	0	1776	28	0	69.0144 	0	0
DL	1.21071	1210	7	1	1	1	1	0	1776	28	0	69.0144	 	0	0
DL	1.21274	1212	7	1	9	1	1	0	16030	28	0	69.0144	 	0	0
UL	1.21331	1213	3	1	1	1	1	0	1776	28	0	69.0144 	0	0
DL	1.21381	1213	8	1	1	1	1	0	1776	28	0	69.0144	 	0	0
UL	1.21441	1214	4	1	1	1	1	0	1776	28	0	69.0144 	0	0
UL	1.21641	1216	4	1	1	1	1	0	1776	28	0	69.0144 	0	0
DL	1.21691	1216	9	1	1	1	1	0	1776	28	0	69.0144	 	0	0
DL	1.21894	1218	9	1	9	1	1	0	16030	28	0	69.0144	 	0	0
UL	1.21951	1219	5	1	1	1	1	0	1776	28	0	69.0144 	0	0
DL	1.22001	1220	0	1	1	1	1	0	1776	28	0	69.0144	 	0	0
UL	1.22061	1220	6	1	1	1	1	0	1776	28	0	69.0144 	0	0
UL	1.22261	1222	6	1	1	1	1	0	1776	28	0	69.0144 	0	0
DL	1.22311	1223	1	1	1	1	1	0	1776	28	0	69.0144	 	0	0
