Rx 0.00390832 1 1 1 4 600000
Rx 0.00391248 1 2 1 4 600000
Rx 0.0239083 1 1 1 3 595840
Rx 0.0239125 1 2 1 3 591680
Tx 0.0244083 1 1 1 3 
Tx 0.0244125 1 2 1 3 
Rx 0.0270083 1 1 1 3 2600000
Rx 0.0270125 1 2 1 3 2600000
Tx 0.3 1 1 4 58 
Rx 0.300512 1 1 4 58 512480
Tx 0.303008 1 1 4 54 
Tx 0.303008 1 1 4 182 
Rx 0.303608 1 1 4 54 600000
Rx 0.303608 1 1 4 182 599999
Tx 0.506108 1 1 4 54 
Rx 0.506712 1 1 4 54 604160
Tx 0.509208 1 1 4 54 
Rx 0.509808 1 1 4 54 600000
Tx 0.512312 1 1 4 54 
Rx 0.512908 1 1 4 54 595840
Tx 0.515412 1 1 4 54 
Tx 0.515412 1 1 4 54 
Rx 0.516008 1 1 4 54 595840
Rx 0.516008 1 1 4 54 595840
Tx 0.518512 1 1 4 54 
Tx 0.518512 1 1 4 54 
Tx 0.518512 1 1 4 54 
Rx 0.519108 1 1 4 54 595840
Rx 0.519108 1 1 4 54 595840
Rx 0.519108 1 1 4 54 595840
Tx 0.521617 1 1 4 54 
Tx 0.521617 1 1 4 54 
Tx 0.521617 1 1 4 54 
Tx 0.521617 1 1 4 54 
Rx 0.522208 1 1 4 54 591680
Rx 0.522208 1 1 4 54 591680
Rx 0.522208 1 1 4 54 591680
Rx 0.522208 1 1 4 54 591680
Tx 0.524708 1 1 4 54 
Tx 0.524708 1 1 4 182 
Rx 0.525308 1 1 4 54 600000
Rx 0.525308 1 1 4 182 600000
Tx 0.527825 1 1 4 54 
Tx 0.527825 1 1 4 54 
Tx 0.527825 1 1 4 54 
Tx 0.527825 1 1 4 54 
Tx 0.527825 1 1 4 54 
Tx 0.527825 1 1 4 54 
Rx 0.528408 1 1 4 54 583360
Rx 0.528408 1 1 4 54 583360
Rx 0.528408 1 1 4 54 583360
Rx 0.528408 1 1 4 54 583360
Rx 0.528408 1 1 4 54 583360
Rx 0.528408 1 1 4 54 583360
Tx 0.528908 1 1 4 54 
Tx 0.530921 1 1 4 54 
Tx 0.530921 1 1 4 54 
Tx 0.530921 1 1 4 54 
Tx 0.530921 1 1 4 54 
Tx 0.530921 1 1 4 54 
Rx 0.531508 1 1 4 54 2600000
Rx 0.531508 1 1 4 54 587520
Rx 0.531508 1 1 4 54 587520
Rx 0.531508 1 1 4 54 587520
Rx 0.531508 1 1 4 54 587520
Rx 0.531508 1 1 4 54 587520
Tx 0.532008 1 1 4 182 
Rx 0.534608 1 1 4 182 2600000
Tx 0.537142 1 1 4 54 
Tx 0.537142 1 1 4 54 
Tx 0.537142 1 1 4 54 
Tx 0.537142 1 1 4 54 
Tx 0.537142 1 1 4 54 
Tx 0.537142 1 1 4 54 
Tx 0.537142 1 1 4 54 
Tx 0.537142 1 1 4 54 
Tx 0.537142 1 1 4 54 
Tx 0.537142 1 1 4 54 
Tx 0.537142 1 1 4 54 
Tx 0.537142 1 1 4 54 
Tx 0.537142 1 1 4 54 
Rx 0.537708 1 1 4 54 566720
Rx 0.537708 1 1 4 54 566720
Rx 0.537708 1 1 4 54 566720
Rx 0.537708 1 1 4 54 566720
Rx 0.537708 1 1 4 54 566720
Rx 0.537708 1 1 4 54 566720
Rx 0.537708 1 1 4 54 566720
Rx 0.537708 1 1 4 54 566720
Rx 0.537708 1 1 4 54 566720
Rx 0.537708 1 1 4 54 566720
Rx 0.537708 1 1 4 54 566720
Rx 0.537708 1 1 4 54 566720
Rx 0.537708 1 1 4 54 566720
Tx 0.538208 1 1 4 182 
Rx 0.540808 1 1 4 182 2600000
Tx 0.543342 1 1 4 54 
Tx 0.543342 1 1 4 54 
Tx 0.543342 1 1 4 54 
Tx 0.543342 1 1 4 54 
Tx 0.543342 1 1 4 54 
Tx 0.543342 1 1 4 54 
Tx 0.543342 1 1 4 54 
Tx 0.543342 1 1 4 54 
Tx 0.543342 1 1 4 54 
Tx 0.543342 1 1 4 54 
Tx 0.543342 1 1 4 54 
Tx 0.543342 1 1 4 54 
Rx 0.543908 1 1 4 54 566720
Rx 0.543908 1 1 4 54 566720
Rx 0.543908 1 1 4 54 566720
Rx 0.543908 1 1 4 54 566720
Rx 0.543908 1 1 4 54 566720
Rx 0.543908 1 1 4 54 566720
Rx 0.543908 1 1 4 54 566720
Rx 0.543908 1 1 4 54 566720
Rx 0.543908 1 1 4 54 566720
Rx 0.543908 1 1 4 54 566720
Rx 0.543908 1 1 4 54 566720
Rx 0.543908 1 1 4 54 566720
Tx 0.544408 1 1 4 182 
Rx 0.547008 1 1 4 182 2600000
Tx 0.549546 1 1 4 54 
Tx 0.549546 1 1 4 54 
Tx 0.549546 1 1 4 54 
Tx 0.549546 1 1 4 54 
Tx 0.549546 1 1 4 54 
Tx 0.549546 1 1 4 54 
Tx 0.549546 1 1 4 54 
Tx 0.549546 1 1 4 54 
Tx 0.549546 1 1 4 54 
Tx 0.549546 1 1 4 54 
Tx 0.549546 1 1 4 54 
Tx 0.549546 1 1 4 54 
Tx 0.549546 1 1 4 54 
Rx 0.550108 1 1 4 54 562560
Rx 0.550108 1 1 4 54 562560
Rx 0.550108 1 1 4 54 562560
Rx 0.550108 1 1 4 54 562560
Rx 0.550108 1 1 4 54 562560
Rx 0.550108 1 1 4 54 562560
Rx 0.550108 1 1 4 54 562560
Rx 0.550108 1 1 4 54 562560
Rx 0.550108 1 1 4 54 562560
Rx 0.550108 1 1 4 54 562560
Rx 0.550108 1 1 4 54 562560
Rx 0.550108 1 1 4 54 562560
Rx 0.550108 1 1 4 54 562560
Tx 0.550608 1 1 4 54 
Tx 0.550608 1 1 4 182 
Rx 0.553208 1 1 4 54 2600000
Rx 0.553208 1 1 4 182 2600000
Tx 0.555742 1 1 4 54 
Tx 0.555742 1 1 4 54 
Tx 0.555742 1 1 4 54 
Tx 0.555742 1 1 4 54 
Tx 0.555742 1 1 4 54 
Tx 0.555742 1 1 4 54 
Tx 0.555742 1 1 4 54 
Tx 0.555742 1 1 4 54 
Tx 0.555742 1 1 4 54 
Tx 0.555742 1 1 4 54 
Tx 0.555742 1 1 4 54 
Tx 0.555742 1 1 4 54 
Tx 0.555742 1 1 4 54 
Rx 0.556308 1 1 4 54 566720
Rx 0.556308 1 1 4 54 566720
Rx 0.556308 1 1 4 54 566720
Rx 0.556308 1 1 4 54 566720
Rx 0.556308 1 1 4 54 566720
Rx 0.556308 1 1 4 54 566720
Rx 0.556308 1 1 4 54 566720
Rx 0.556308 1 1 4 54 566720
Rx 0.556308 1 1 4 54 566720
Rx 0.556308 1 1 4 54 566720
Rx 0.556308 1 1 4 54 566720
Rx 0.556308 1 1 4 54 566720
Rx 0.556308 1 1 4 54 566720
Tx 0.556808 1 1 4 182 
Rx 0.559408 1 1 4 182 2600000
Tx 0.561942 1 1 4 54 
Tx 0.561942 1 1 4 54 
Tx 0.561942 1 1 4 54 
Tx 0.561942 1 1 4 54 
Tx 0.561942 1 1 4 54 
Tx 0.561942 1 1 4 54 
Tx 0.561942 1 1 4 54 
Tx 0.561942 1 1 4 54 
Tx 0.561942 1 1 4 54 
Tx 0.561942 1 1 4 54 
Tx 0.561942 1 1 4 54 
Tx 0.561942 1 1 4 54 
Rx 0.562508 1 1 4 54 566720
Rx 0.562508 1 1 4 54 566720
Rx 0.562508 1 1 4 54 566720
Rx 0.562508 1 1 4 54 566720
Rx 0.562508 1 1 4 54 566720
Rx 0.562508 1 1 4 54 566720
Rx 0.562508 1 1 4 54 566720
Rx 0.562508 1 1 4 54 566720
Rx 0.562508 1 1 4 54 566720
Rx 0.562508 1 1 4 54 566720
Rx 0.562508 1 1 4 54 566720
Rx 0.562508 1 1 4 54 566720
Tx 0.563008 1 1 4 182 
Rx 0.565608 1 1 4 182 2600000
Tx 0.568142 1 1 4 54 
Tx 0.568142 1 1 4 54 
Tx 0.568142 1 1 4 54 
Tx 0.568142 1 1 4 54 
Tx 0.568142 1 1 4 54 
Tx 0.568142 1 1 4 54 
Tx 0.568142 1 1 4 54 
Tx 0.568142 1 1 4 54 
Tx 0.568142 1 1 4 54 
Tx 0.568142 1 1 4 54 
Tx 0.568142 1 1 4 54 
Tx 0.568142 1 1 4 54 
Tx 0.568142 1 1 4 54 
Rx 0.568708 1 1 4 54 566720
Rx 0.568708 1 1 4 54 566720
Rx 0.568708 1 1 4 54 566720
Rx 0.568708 1 1 4 54 566720
Rx 0.568708 1 1 4 54 566720
Rx 0.568708 1 1 4 54 566720
Rx 0.568708 1 1 4 54 566720
Rx 0.568708 1 1 4 54 566720
Rx 0.568708 1 1 4 54 566720
Rx 0.568708 1 1 4 54 566720
Rx 0.568708 1 1 4 54 566720
Rx 0.568708 1 1 4 54 566720
Rx 0.568708 1 1 4 54 566720
Tx 0.569208 1 1 4 182 
Rx 0.571808 1 1 4 182 2600000
Tx 0.574342 1 1 4 54 
Tx 0.574342 1 1 4 54 
Tx 0.574342 1 1 4 54 
Tx 0.574342 1 1 4 54 
Tx 0.574342 1 1 4 54 
Tx 0.574342 1 1 4 54 
Tx 0.574342 1 1 4 54 
Tx 0.574342 1 1 4 54 
Tx 0.574342 1 1 4 54 
Tx 0.574342 1 1 4 54 
Tx 0.574342 1 1 4 54 
Tx 0.574342 1 1 4 54 
Tx 0.574342 1 1 4 54 
Rx 0.574908 1 1 4 54 566720
Rx 0.574908 1 1 4 54 566720
Rx 0.574908 1 1 4 54 566720
Rx 0.574908 1 1 4 54 566720
Rx 0.574908 1 1 4 54 566720
Rx 0.574908 1 1 4 54 566720
Rx 0.574908 1 1 4 54 566720
Rx 0.574908 1 1 4 54 566720
Rx 0.574908 1 1 4 54 566720
Rx 0.574908 1 1 4 54 566720
Rx 0.574908 1 1 4 54 566720
Rx 0.574908 1 1 4 54 566720
Rx 0.574908 1 1 4 54 566720
Tx 0.575408 1 1 4 182 
Rx 0.578008 1 1 4 182 2600000
Tx 0.580542 1 1 4 54 
Tx 0.580542 1 1 4 54 
Tx 0.580542 1 1 4 54 
Tx 0.580542 1 1 4 54 
Tx 0.580542 1 1 4 54 
Tx 0.580542 1 1 4 54 
Tx 0.580542 1 1 4 54 
Tx 0.580542 1 1 4 54 
Tx 0.580542 1 1 4 54 
Tx 0.580542 1 1 4 54 
Tx 0.580542 1 1 4 54 
Tx 0.580542 1 1 4 54 
Tx 0.580542 1 1 4 54 
Rx 0.581108 1 1 4 54 566720
Rx 0.581108 1 1 4 54 566720
Rx 0.581108 1 1 4 54 566720
Rx 0.581108 1 1 4 54 566720
Rx 0.581108 1 1 4 54 566720
Rx 0.581108 1 1 4 54 566720
Rx 0.581108 1 1 4 54 566720
Rx 0.581108 1 1 4 54 566720
Rx 0.581108 1 1 4 54 566720
Rx 0.581108 1 1 4 54 566720
Rx 0.581108 1 1 4 54 566720
Rx 0.581108 1 1 4 54 566720
Rx 0.581108 1 1 4 54 566720
Tx 0.581608 1 1 4 182 
Rx 0.584208 1 1 4 182 2600000
Tx 0.586742 1 1 4 54 
Tx 0.586742 1 1 4 54 
Tx 0.586742 1 1 4 54 
Tx 0.586742 1 1 4 54 
Tx 0.586742 1 1 4 54 
Tx 0.586742 1 1 4 54 
Tx 0.586742 1 1 4 54 
Tx 0.586742 1 1 4 54 
Tx 0.586742 1 1 4 54 
Tx 0.586742 1 1 4 54 
Tx 0.586742 1 1 4 54 
Tx 0.586742 1 1 4 54 
Tx 0.586742 1 1 4 54 
Rx 0.587308 1 1 4 54 566720
Rx 0.587308 1 1 4 54 566720
Rx 0.587308 1 1 4 54 566720
Rx 0.587308 1 1 4 54 566720
Rx 0.587308 1 1 4 54 566720
Rx 0.587308 1 1 4 54 566720
Rx 0.587308 1 1 4 54 566720
Rx 0.587308 1 1 4 54 566720
Rx 0.587308 1 1 4 54 566720
Rx 0.587308 1 1 4 54 566720
Rx 0.587308 1 1 4 54 566720
Rx 0.587308 1 1 4 54 566720
Rx 0.587308 1 1 4 54 566720
Tx 0.587808 1 1 4 182 
Rx 0.590408 1 1 4 182 2600000
Tx 0.592942 1 1 4 54 
Tx 0.592942 1 1 4 54 
Tx 0.592942 1 1 4 54 
Tx 0.592942 1 1 4 54 
Tx 0.592942 1 1 4 54 
Tx 0.592942 1 1 4 54 
Tx 0.592942 1 1 4 54 
Tx 0.592942 1 1 4 54 
Tx 0.592942 1 1 4 54 
Tx 0.592942 1 1 4 54 
Tx 0.592942 1 1 4 54 
Tx 0.592942 1 1 4 54 
Tx 0.592942 1 1 4 54 
Rx 0.593508 1 1 4 54 566720
Rx 0.593508 1 1 4 54 566720
Rx 0.593508 1 1 4 54 566720
Rx 0.593508 1 1 4 54 566720
Rx 0.593508 1 1 4 54 566720
Rx 0.593508 1 1 4 54 566720
Rx 0.593508 1 1 4 54 566720
Rx 0.593508 1 1 4 54 566720
Rx 0.593508 1 1 4 54 566720
Rx 0.593508 1 1 4 54 566720
Rx 0.593508 1 1 4 54 566720
Rx 0.593508 1 1 4 54 566720
Rx 0.593508 1 1 4 54 566720
Tx 0.594008 1 1 4 182 
Rx 0.596608 1 1 4 182 2600000
Tx 0.599142 1 1 4 54 
Tx 0.599142 1 1 4 54 
Tx 0.599142 1 1 4 54 
Tx 0.599142 1 1 4 54 
Tx 0.599142 1 1 4 54 
Tx 0.599142 1 1 4 54 
Tx 0.599142 1 1 4 54 
Tx 0.599142 1 1 4 54 
Tx 0.599142 1 1 4 54 
Tx 0.599142 1 1 4 54 
Tx 0.599142 1 1 4 54 
Tx 0.599142 1 1 4 54 
Tx 0.599142 1 1 4 54 
Rx 0.599708 1 1 4 54 566720
Rx 0.599708 1 1 4 54 566720
Rx 0.599708 1 1 4 54 566720
Rx 0.599708 1 1 4 54 566720
Rx 0.599708 1 1 4 54 566720
Rx 0.599708 1 1 4 54 566720
Rx 0.599708 1 1 4 54 566720
Rx 0.599708 1 1 4 54 566720
Rx 0.599708 1 1 4 54 566720
Rx 0.599708 1 1 4 54 566720
Rx 0.599708 1 1 4 54 566720
Rx 0.599708 1 1 4 54 566720
Rx 0.599708 1 1 4 54 566720
Tx 0.600208 1 1 4 182 
Rx 0.602808 1 1 4 182 2600000
Tx 0.605342 1 1 4 54 
Tx 0.605342 1 1 4 54 
Tx 0.605342 1 1 4 54 
Tx 0.605342 1 1 4 54 
Tx 0.605342 1 1 4 54 
Tx 0.605342 1 1 4 54 
Tx 0.605342 1 1 4 54 
Tx 0.605342 1 1 4 54 
Tx 0.605342 1 1 4 54 
Tx 0.605342 1 1 4 54 
Tx 0.605342 1 1 4 54 
Tx 0.605342 1 1 4 54 
Rx 0.605908 1 1 4 54 566720
Rx 0.605908 1 1 4 54 566720
Rx 0.605908 1 1 4 54 566720
Rx 0.605908 1 1 4 54 566720
Rx 0.605908 1 1 4 54 566720
Rx 0.605908 1 1 4 54 566720
Rx 0.605908 1 1 4 54 566720
Rx 0.605908 1 1 4 54 566720
Rx 0.605908 1 1 4 54 566720
Rx 0.605908 1 1 4 54 566720
Rx 0.605908 1 1 4 54 566720
Rx 0.605908 1 1 4 54 566720
Tx 0.606408 1 1 4 54 
Tx 0.606408 1 1 4 182 
Rx 0.609008 1 1 4 54 2600000
Rx 0.609008 1 1 4 182 2600000
Tx 0.611542 1 1 4 54 
Tx 0.611542 1 1 4 54 
Tx 0.611542 1 1 4 54 
Tx 0.611542 1 1 4 54 
Tx 0.611542 1 1 4 54 
Tx 0.611542 1 1 4 54 
Tx 0.611542 1 1 4 54 
Tx 0.611542 1 1 4 54 
Tx 0.611542 1 1 4 54 
Tx 0.611542 1 1 4 54 
Tx 0.611542 1 1 4 54 
Tx 0.611542 1 1 4 54 
Tx 0.611542 1 1 4 54 
Rx 0.612108 1 1 4 54 566720
Rx 0.612108 1 1 4 54 566720
Rx 0.612108 1 1 4 54 566720
Rx 0.612108 1 1 4 54 566720
Rx 0.612108 1 1 4 54 566720
Rx 0.612108 1 1 4 54 566720
Rx 0.612108 1 1 4 54 566720
Rx 0.612108 1 1 4 54 566720
Rx 0.612108 1 1 4 54 566720
Rx 0.612108 1 1 4 54 566720
Rx 0.612108 1 1 4 54 566720
Rx 0.612108 1 1 4 54 566720
Rx 0.612108 1 1 4 54 566720
Tx 0.612608 1 1 4 182 
Rx 0.615208 1 1 4 182 2600000
Tx 0.617742 1 1 4 54 
Tx 0.617742 1 1 4 54 
Tx 0.617742 1 1 4 54 
Tx 0.617742 1 1 4 54 
Tx 0.617742 1 1 4 54 
Tx 0.617742 1 1 4 54 
Tx 0.617742 1 1 4 54 
Tx 0.617742 1 1 4 54 
Tx 0.617742 1 1 4 54 
Tx 0.617742 1 1 4 54 
Tx 0.617742 1 1 4 54 
Tx 0.617742 1 1 4 54 
Rx 0.618308 1 1 4 54 566720
Rx 0.618308 1 1 4 54 566720
Rx 0.618308 1 1 4 54 566720
Rx 0.618308 1 1 4 54 566720
Rx 0.618308 1 1 4 54 566720
Rx 0.618308 1 1 4 54 566720
Rx 0.618308 1 1 4 54 566720
Rx 0.618308 1 1 4 54 566720
Rx 0.618308 1 1 4 54 566720
Rx 0.618308 1 1 4 54 566720
Rx 0.618308 1 1 4 54 566720
Rx 0.618308 1 1 4 54 566720
Tx 0.618808 1 1 4 54 
Tx 0.618808 1 1 4 182 
Rx 0.621408 1 1 4 54 2600000
Rx 0.621408 1 1 4 182 2600000
Tx 0.623942 1 1 4 54 
Tx 0.623942 1 1 4 54 
Tx 0.623942 1 1 4 54 
Tx 0.623942 1 1 4 54 
Tx 0.623942 1 1 4 54 
Tx 0.623942 1 1 4 54 
Tx 0.623942 1 1 4 54 
Tx 0.623942 1 1 4 54 
Tx 0.623942 1 1 4 54 
Tx 0.623942 1 1 4 54 
Tx 0.623942 1 1 4 54 
Tx 0.623942 1 1 4 54 
Tx 0.623942 1 1 4 54 
Rx 0.624508 1 1 4 54 566720
Rx 0.624508 1 1 4 54 566720
Rx 0.624508 1 1 4 54 566720
Rx 0.624508 1 1 4 54 566720
Rx 0.624508 1 1 4 54 566720
Rx 0.624508 1 1 4 54 566720
Rx 0.624508 1 1 4 54 566720
Rx 0.624508 1 1 4 54 566720
Rx 0.624508 1 1 4 54 566720
Rx 0.624508 1 1 4 54 566720
Rx 0.624508 1 1 4 54 566720
Rx 0.624508 1 1 4 54 566720
Rx 0.624508 1 1 4 54 566720
Tx 0.625008 1 1 4 182 
Rx 0.627608 1 1 4 182 2600000
Tx 0.630146 1 1 4 54 
Tx 0.630146 1 1 4 54 
Tx 0.630146 1 1 4 54 
Tx 0.630146 1 1 4 54 
Tx 0.630146 1 1 4 54 
Tx 0.630146 1 1 4 54 
Tx 0.630146 1 1 4 54 
Tx 0.630146 1 1 4 54 
Tx 0.630146 1 1 4 54 
Tx 0.630146 1 1 4 54 
Tx 0.630146 1 1 4 54 
Tx 0.630146 1 1 4 54 
Tx 0.630146 1 1 4 54 
Rx 0.630708 1 1 4 54 562560
Rx 0.630708 1 1 4 54 562560
Rx 0.630708 1 1 4 54 562560
Rx 0.630708 1 1 4 54 562560
Rx 0.630708 1 1 4 54 562560
Rx 0.630708 1 1 4 54 562560
Rx 0.630708 1 1 4 54 562560
Rx 0.630708 1 1 4 54 562560
Rx 0.630708 1 1 4 54 562560
Rx 0.630708 1 1 4 54 562560
Rx 0.630708 1 1 4 54 562560
Rx 0.630708 1 1 4 54 562560
Rx 0.630708 1 1 4 54 562560
Tx 0.631208 1 1 4 54 
Tx 0.631208 1 1 4 182 
Rx 0.633808 1 1 4 54 2600000
Rx 0.633808 1 1 4 182 2600000
Tx 0.636342 1 1 4 54 
Tx 0.636342 1 1 4 54 
Tx 0.636342 1 1 4 54 
Tx 0.636342 1 1 4 54 
Tx 0.636342 1 1 4 54 
Tx 0.636342 1 1 4 54 
Tx 0.636342 1 1 4 54 
Tx 0.636342 1 1 4 54 
Tx 0.636342 1 1 4 54 
Tx 0.636342 1 1 4 54 
Tx 0.636342 1 1 4 54 
Tx 0.636342 1 1 4 54 
Rx 0.636908 1 1 4 54 566720
Rx 0.636908 1 1 4 54 566720
Rx 0.636908 1 1 4 54 566720
Rx 0.636908 1 1 4 54 566720
Rx 0.636908 1 1 4 54 566720
Rx 0.636908 1 1 4 54 566720
Rx 0.636908 1 1 4 54 566720
Rx 0.636908 1 1 4 54 566720
Rx 0.636908 1 1 4 54 566720
Rx 0.636908 1 1 4 54 566720
Rx 0.636908 1 1 4 54 566720
Rx 0.636908 1 1 4 54 566720
Tx 0.637408 1 1 4 54 
Tx 0.637408 1 1 4 182 
Rx 0.640008 1 1 4 54 2600000
Rx 0.640008 1 1 4 182 2600000
Tx 0.642542 1 1 4 54 
Tx 0.642542 1 1 4 54 
Tx 0.642542 1 1 4 54 
Tx 0.642542 1 1 4 54 
Tx 0.642542 1 1 4 54 
Tx 0.642542 1 1 4 54 
Tx 0.642542 1 1 4 54 
Tx 0.642542 1 1 4 54 
Tx 0.642542 1 1 4 54 
Tx 0.642542 1 1 4 54 
Tx 0.642542 1 1 4 54 
Tx 0.642542 1 1 4 54 
Tx 0.642542 1 1 4 54 
Rx 0.643108 1 1 4 54 566720
Rx 0.643108 1 1 4 54 566720
Rx 0.643108 1 1 4 54 566720
Rx 0.643108 1 1 4 54 566720
Rx 0.643108 1 1 4 54 566720
Rx 0.643108 1 1 4 54 566720
Rx 0.643108 1 1 4 54 566720
Rx 0.643108 1 1 4 54 566720
Rx 0.643108 1 1 4 54 566720
Rx 0.643108 1 1 4 54 566720
Rx 0.643108 1 1 4 54 566720
Rx 0.643108 1 1 4 54 566720
Rx 0.643108 1 1 4 54 566720
Tx 0.643608 1 1 4 182 
Rx 0.646208 1 1 4 182 2600000
Tx 0.648742 1 1 4 54 
Tx 0.648742 1 1 4 54 
Tx 0.648742 1 1 4 54 
Tx 0.648742 1 1 4 54 
Tx 0.648742 1 1 4 54 
Tx 0.648742 1 1 4 54 
Tx 0.648742 1 1 4 54 
Tx 0.648742 1 1 4 54 
Tx 0.648742 1 1 4 54 
Tx 0.648742 1 1 4 54 
Tx 0.648742 1 1 4 54 
Tx 0.648742 1 1 4 54 
Rx 0.649308 1 1 4 54 566720
Rx 0.649308 1 1 4 54 566720
Rx 0.649308 1 1 4 54 566720
Rx 0.649308 1 1 4 54 566720
Rx 0.649308 1 1 4 54 566720
Rx 0.649308 1 1 4 54 566720
Rx 0.649308 1 1 4 54 566720
Rx 0.649308 1 1 4 54 566720
Rx 0.649308 1 1 4 54 566720
Rx 0.649308 1 1 4 54 566720
Rx 0.649308 1 1 4 54 566720
Rx 0.649308 1 1 4 54 566720
Tx 0.649808 1 1 4 54 
Tx 0.649808 1 1 4 182 
Rx 0.652408 1 1 4 54 2600000
Rx 0.652408 1 1 4 182 2600000
Tx 0.654942 1 1 4 54 
Tx 0.654942 1 1 4 54 
Tx 0.654942 1 1 4 54 
Tx 0.654942 1 1 4 54 
Tx 0.654942 1 1 4 54 
Tx 0.654942 1 1 4 54 
Tx 0.654942 1 1 4 54 
Tx 0.654942 1 1 4 54 
Tx 0.654942 1 1 4 54 
Tx 0.654942 1 1 4 54 
Tx 0.654942 1 1 4 54 
Tx 0.654942 1 1 4 54 
Tx 0.654942 1 1 4 54 
Rx 0.655508 1 1 4 54 566720
Rx 0.655508 1 1 4 54 566720
Rx 0.655508 1 1 4 54 566720
Rx 0.655508 1 1 4 54 566720
Rx 0.655508 1 1 4 54 566720
Rx 0.655508 1 1 4 54 566720
Rx 0.655508 1 1 4 54 566720
Rx 0.655508 1 1 4 54 566720
Rx 0.655508 1 1 4 54 566720
Rx 0.655508 1 1 4 54 566720
Rx 0.655508 1 1 4 54 566720
Rx 0.655508 1 1 4 54 566720
Rx 0.655508 1 1 4 54 566720
Tx 0.656008 1 1 4 182 
Rx 0.658608 1 1 4 182 2600000
Tx 0.661142 1 1 4 54 
Tx 0.661142 1 1 4 54 
Tx 0.661142 1 1 4 54 
Tx 0.661142 1 1 4 54 
Tx 0.661142 1 1 4 54 
Tx 0.661142 1 1 4 54 
Tx 0.661142 1 1 4 54 
Tx 0.661142 1 1 4 54 
Tx 0.661142 1 1 4 54 
Tx 0.661142 1 1 4 54 
Tx 0.661142 1 1 4 54 
Tx 0.661142 1 1 4 54 
Tx 0.661142 1 1 4 54 
Rx 0.661708 1 1 4 54 566720
Rx 0.661708 1 1 4 54 566720
Rx 0.661708 1 1 4 54 566720
Rx 0.661708 1 1 4 54 566720
Rx 0.661708 1 1 4 54 566720
Rx 0.661708 1 1 4 54 566720
Rx 0.661708 1 1 4 54 566720
Rx 0.661708 1 1 4 54 566720
Rx 0.661708 1 1 4 54 566720
Rx 0.661708 1 1 4 54 566720
Rx 0.661708 1 1 4 54 566720
Rx 0.661708 1 1 4 54 566720
Rx 0.661708 1 1 4 54 566720
Tx 0.662208 1 1 4 182 
Rx 0.664808 1 1 4 182 2600000
Tx 0.667346 1 1 4 54 
Tx 0.667346 1 1 4 54 
Tx 0.667346 1 1 4 54 
Tx 0.667346 1 1 4 54 
Tx 0.667346 1 1 4 54 
Tx 0.667346 1 1 4 54 
Tx 0.667346 1 1 4 54 
Tx 0.667346 1 1 4 54 
Tx 0.667346 1 1 4 54 
Tx 0.667346 1 1 4 54 
Tx 0.667346 1 1 4 54 
Tx 0.667346 1 1 4 54 
Tx 0.667346 1 1 4 54 
Rx 0.667908 1 1 4 54 562560
Rx 0.667908 1 1 4 54 562560
Rx 0.667908 1 1 4 54 562560
Rx 0.667908 1 1 4 54 562560
Rx 0.667908 1 1 4 54 562560
Rx 0.667908 1 1 4 54 562560
Rx 0.667908 1 1 4 54 562560
Rx 0.667908 1 1 4 54 562560
Rx 0.667908 1 1 4 54 562560
Rx 0.667908 1 1 4 54 562560
Rx 0.667908 1 1 4 54 562560
Rx 0.667908 1 1 4 54 562560
Rx 0.667908 1 1 4 54 562560
Tx 0.668408 1 1 4 54 
Tx 0.668408 1 1 4 182 
Rx 0.671008 1 1 4 54 2600000
Rx 0.671008 1 1 4 182 2600000
Tx 0.673542 1 1 4 54 
Tx 0.673542 1 1 4 54 
Tx 0.673542 1 1 4 54 
Tx 0.673542 1 1 4 54 
Tx 0.673542 1 1 4 54 
Tx 0.673542 1 1 4 54 
Tx 0.673542 1 1 4 54 
Tx 0.673542 1 1 4 54 
Tx 0.673542 1 1 4 54 
Tx 0.673542 1 1 4 54 
Tx 0.673542 1 1 4 54 
Tx 0.673542 1 1 4 54 
Tx 0.673542 1 1 4 54 
Rx 0.674108 1 1 4 54 566720
Rx 0.674108 1 1 4 54 566720
Rx 0.674108 1 1 4 54 566720
Rx 0.674108 1 1 4 54 566720
Rx 0.674108 1 1 4 54 566720
Rx 0.674108 1 1 4 54 566720
Rx 0.674108 1 1 4 54 566720
Rx 0.674108 1 1 4 54 566720
Rx 0.674108 1 1 4 54 566720
Rx 0.674108 1 1 4 54 566720
Rx 0.674108 1 1 4 54 566720
Rx 0.674108 1 1 4 54 566720
Rx 0.674108 1 1 4 54 566720
Tx 0.674608 1 1 4 182 
Rx 0.677208 1 1 4 182 2600000
Tx 0.679742 1 1 4 54 
Tx 0.679742 1 1 4 54 
Tx 0.679742 1 1 4 54 
Tx 0.679742 1 1 4 54 
Tx 0.679742 1 1 4 54 
Tx 0.679742 1 1 4 54 
Tx 0.679742 1 1 4 54 
Tx 0.679742 1 1 4 54 
Tx 0.679742 1 1 4 54 
Tx 0.679742 1 1 4 54 
Tx 0.679742 1 1 4 54 
Tx 0.679742 1 1 4 54 
Tx 0.679742 1 1 4 54 
Rx 0.680308 1 1 4 54 566720
Rx 0.680308 1 1 4 54 566720
Rx 0.680308 1 1 4 54 566720
Rx 0.680308 1 1 4 54 566720
Rx 0.680308 1 1 4 54 566720
Rx 0.680308 1 1 4 54 566720
Rx 0.680308 1 1 4 54 566720
Rx 0.680308 1 1 4 54 566720
Rx 0.680308 1 1 4 54 566720
Rx 0.680308 1 1 4 54 566720
Rx 0.680308 1 1 4 54 566720
Rx 0.680308 1 1 4 54 566720
Rx 0.680308 1 1 4 54 566720
Tx 0.680808 1 1 4 182 
Rx 0.683408 1 1 4 182 2600000
Tx 0.685942 1 1 4 54 
Tx 0.685942 1 1 4 54 
Tx 0.685942 1 1 4 54 
Tx 0.685942 1 1 4 54 
Tx 0.685942 1 1 4 54 
Tx 0.685942 1 1 4 54 
Tx 0.685942 1 1 4 54 
Tx 0.685942 1 1 4 54 
Tx 0.685942 1 1 4 54 
Tx 0.685942 1 1 4 54 
Tx 0.685942 1 1 4 54 
Tx 0.685942 1 1 4 54 
Tx 0.685942 1 1 4 54 
Rx 0.686508 1 1 4 54 566720
Rx 0.686508 1 1 4 54 566720
Rx 0.686508 1 1 4 54 566720
Rx 0.686508 1 1 4 54 566720
Rx 0.686508 1 1 4 54 566720
Rx 0.686508 1 1 4 54 566720
Rx 0.686508 1 1 4 54 566720
Rx 0.686508 1 1 4 54 566720
Rx 0.686508 1 1 4 54 566720
Rx 0.686508 1 1 4 54 566720
Rx 0.686508 1 1 4 54 566720
Rx 0.686508 1 1 4 54 566720
Rx 0.686508 1 1 4 54 566720
Tx 0.687008 1 1 4 182 
Rx 0.689608 1 1 4 182 2600000
Tx 0.692142 1 1 4 54 
Tx 0.692142 1 1 4 54 
Tx 0.692142 1 1 4 54 
Tx 0.692142 1 1 4 54 
Tx 0.692142 1 1 4 54 
Tx 0.692142 1 1 4 54 
Tx 0.692142 1 1 4 54 
Tx 0.692142 1 1 4 54 
Tx 0.692142 1 1 4 54 
Tx 0.692142 1 1 4 54 
Tx 0.692142 1 1 4 54 
Tx 0.692142 1 1 4 54 
Rx 0.692708 1 1 4 54 566720
Rx 0.692708 1 1 4 54 566720
Rx 0.692708 1 1 4 54 566720
Rx 0.692708 1 1 4 54 566720
Rx 0.692708 1 1 4 54 566720
Rx 0.692708 1 1 4 54 566720
Rx 0.692708 1 1 4 54 566720
Rx 0.692708 1 1 4 54 566720
Rx 0.692708 1 1 4 54 566720
Rx 0.692708 1 1 4 54 566720
Rx 0.692708 1 1 4 54 566720
Rx 0.692708 1 1 4 54 566720
Tx 0.693208 1 1 4 54 
Tx 0.693208 1 1 4 182 
Rx 0.695808 1 1 4 54 2600000
Rx 0.695808 1 1 4 182 2600000
Tx 0.698342 1 1 4 54 
Tx 0.698342 1 1 4 54 
Tx 0.698342 1 1 4 54 
Tx 0.698342 1 1 4 54 
Tx 0.698342 1 1 4 54 
Tx 0.698342 1 1 4 54 
Tx 0.698342 1 1 4 54 
Tx 0.698342 1 1 4 54 
Tx 0.698342 1 1 4 54 
Tx 0.698342 1 1 4 54 
Tx 0.698342 1 1 4 54 
Tx 0.698342 1 1 4 54 
Tx 0.698342 1 1 4 54 
Rx 0.698908 1 1 4 54 566720
Rx 0.698908 1 1 4 54 566720
Rx 0.698908 1 1 4 54 566720
Rx 0.698908 1 1 4 54 566720
Rx 0.698908 1 1 4 54 566720
Rx 0.698908 1 1 4 54 566720
Rx 0.698908 1 1 4 54 566720
Rx 0.698908 1 1 4 54 566720
Rx 0.698908 1 1 4 54 566720
Rx 0.698908 1 1 4 54 566720
Rx 0.698908 1 1 4 54 566720
Rx 0.698908 1 1 4 54 566720
Rx 0.698908 1 1 4 54 566720
Tx 0.699408 1 1 4 182 
Rx 0.702008 1 1 4 182 2600000
Tx 0.704542 1 1 4 54 
Tx 0.704542 1 1 4 54 
Tx 0.704542 1 1 4 54 
Tx 0.704542 1 1 4 54 
Tx 0.704542 1 1 4 54 
Tx 0.704542 1 1 4 54 
Tx 0.704542 1 1 4 54 
Tx 0.704542 1 1 4 54 
Tx 0.704542 1 1 4 54 
Tx 0.704542 1 1 4 54 
Tx 0.704542 1 1 4 54 
Tx 0.704542 1 1 4 54 
Rx 0.705108 1 1 4 54 566720
Rx 0.705108 1 1 4 54 566720
Rx 0.705108 1 1 4 54 566720
Rx 0.705108 1 1 4 54 566720
Rx 0.705108 1 1 4 54 566720
Rx 0.705108 1 1 4 54 566720
Rx 0.705108 1 1 4 54 566720
Rx 0.705108 1 1 4 54 566720
Rx 0.705108 1 1 4 54 566720
Rx 0.705108 1 1 4 54 566720
Rx 0.705108 1 1 4 54 566720
Rx 0.705108 1 1 4 54 566720
Tx 0.705608 1 1 4 54 
Tx 0.705608 1 1 4 182 
Rx 0.708208 1 1 4 54 2600000
Rx 0.708208 1 1 4 182 2600000
Tx 0.710742 1 1 4 54 
Tx 0.710742 1 1 4 54 
Tx 0.710742 1 1 4 54 
Tx 0.710742 1 1 4 54 
Tx 0.710742 1 1 4 54 
Tx 0.710742 1 1 4 54 
Tx 0.710742 1 1 4 54 
Tx 0.710742 1 1 4 54 
Tx 0.710742 1 1 4 54 
Tx 0.710742 1 1 4 54 
Tx 0.710742 1 1 4 54 
Tx 0.710742 1 1 4 54 
Rx 0.711308 1 1 4 54 566720
Rx 0.711308 1 1 4 54 566720
Rx 0.711308 1 1 4 54 566720
Rx 0.711308 1 1 4 54 566720
Rx 0.711308 1 1 4 54 566720
Rx 0.711308 1 1 4 54 566720
Rx 0.711308 1 1 4 54 566720
Rx 0.711308 1 1 4 54 566720
Rx 0.711308 1 1 4 54 566720
Rx 0.711308 1 1 4 54 566720
Rx 0.711308 1 1 4 54 566720
Rx 0.711308 1 1 4 54 566720
Tx 0.711808 1 1 4 54 
Tx 0.711808 1 1 4 182 
Rx 0.714408 1 1 4 54 2600000
Rx 0.714408 1 1 4 182 2600000
Tx 0.716942 1 1 4 54 
Tx 0.716942 1 1 4 54 
Tx 0.716942 1 1 4 54 
Tx 0.716942 1 1 4 54 
Tx 0.716942 1 1 4 54 
Tx 0.716942 1 1 4 54 
Tx 0.716942 1 1 4 54 
Tx 0.716942 1 1 4 54 
Tx 0.716942 1 1 4 54 
Tx 0.716942 1 1 4 54 
Tx 0.716942 1 1 4 54 
Tx 0.716942 1 1 4 54 
Tx 0.716942 1 1 4 54 
Rx 0.717508 1 1 4 54 566720
Rx 0.717508 1 1 4 54 566720
Rx 0.717508 1 1 4 54 566720
Rx 0.717508 1 1 4 54 566720
Rx 0.717508 1 1 4 54 566720
Rx 0.717508 1 1 4 54 566720
Rx 0.717508 1 1 4 54 566720
Rx 0.717508 1 1 4 54 566720
Rx 0.717508 1 1 4 54 566720
Rx 0.717508 1 1 4 54 566720
Rx 0.717508 1 1 4 54 566720
Rx 0.717508 1 1 4 54 566720
Rx 0.717508 1 1 4 54 566720
Tx 0.718008 1 1 4 182 
Rx 0.720608 1 1 4 182 2600000
Tx 0.723142 1 1 4 54 
Tx 0.723142 1 1 4 54 
Tx 0.723142 1 1 4 54 
Tx 0.723142 1 1 4 54 
Tx 0.723142 1 1 4 54 
Tx 0.723142 1 1 4 54 
Tx 0.723142 1 1 4 54 
Tx 0.723142 1 1 4 54 
Tx 0.723142 1 1 4 54 
Tx 0.723142 1 1 4 54 
Tx 0.723142 1 1 4 54 
Tx 0.723142 1 1 4 54 
Tx 0.723142 1 1 4 54 
Rx 0.723708 1 1 4 54 566720
Rx 0.723708 1 1 4 54 566720
Rx 0.723708 1 1 4 54 566720
Rx 0.723708 1 1 4 54 566720
Rx 0.723708 1 1 4 54 566720
Rx 0.723708 1 1 4 54 566720
Rx 0.723708 1 1 4 54 566720
Rx 0.723708 1 1 4 54 566720
Rx 0.723708 1 1 4 54 566720
Rx 0.723708 1 1 4 54 566720
Rx 0.723708 1 1 4 54 566720
Rx 0.723708 1 1 4 54 566720
Rx 0.723708 1 1 4 54 566720
Tx 0.724208 1 1 4 182 
Rx 0.726808 1 1 4 182 2600000
Tx 0.729342 1 1 4 54 
Tx 0.729342 1 1 4 54 
Tx 0.729342 1 1 4 54 
Tx 0.729342 1 1 4 54 
Tx 0.729342 1 1 4 54 
Tx 0.729342 1 1 4 54 
Tx 0.729342 1 1 4 54 
Tx 0.729342 1 1 4 54 
Tx 0.729342 1 1 4 54 
Tx 0.729342 1 1 4 54 
Tx 0.729342 1 1 4 54 
Tx 0.729342 1 1 4 54 
Tx 0.729342 1 1 4 54 
Rx 0.729908 1 1 4 54 566720
Rx 0.729908 1 1 4 54 566720
Rx 0.729908 1 1 4 54 566720
Rx 0.729908 1 1 4 54 566720
Rx 0.729908 1 1 4 54 566720
Rx 0.729908 1 1 4 54 566720
Rx 0.729908 1 1 4 54 566720
Rx 0.729908 1 1 4 54 566720
Rx 0.729908 1 1 4 54 566720
Rx 0.729908 1 1 4 54 566720
Rx 0.729908 1 1 4 54 566720
Rx 0.729908 1 1 4 54 566720
Rx 0.729908 1 1 4 54 566720
Tx 0.730408 1 1 4 182 
Rx 0.733008 1 1 4 182 2600000
Tx 0.735542 1 1 4 54 
Tx 0.735542 1 1 4 54 
Tx 0.735542 1 1 4 54 
Tx 0.735542 1 1 4 54 
Tx 0.735542 1 1 4 54 
Tx 0.735542 1 1 4 54 
Tx 0.735542 1 1 4 54 
Tx 0.735542 1 1 4 54 
Tx 0.735542 1 1 4 54 
Tx 0.735542 1 1 4 54 
Tx 0.735542 1 1 4 54 
Tx 0.735542 1 1 4 54 
Tx 0.735542 1 1 4 54 
Rx 0.736108 1 1 4 54 566720
Rx 0.736108 1 1 4 54 566720
Rx 0.736108 1 1 4 54 566720
Rx 0.736108 1 1 4 54 566720
Rx 0.736108 1 1 4 54 566720
Rx 0.736108 1 1 4 54 566720
Rx 0.736108 1 1 4 54 566720
Rx 0.736108 1 1 4 54 566720
Rx 0.736108 1 1 4 54 566720
Rx 0.736108 1 1 4 54 566720
Rx 0.736108 1 1 4 54 566720
Rx 0.736108 1 1 4 54 566720
Rx 0.736108 1 1 4 54 566720
Tx 0.736608 1 1 4 182 
Rx 0.739208 1 1 4 182 2600000
Tx 0.741742 1 1 4 54 
Tx 0.741742 1 1 4 54 
Tx 0.741742 1 1 4 54 
Tx 0.741742 1 1 4 54 
Tx 0.741742 1 1 4 54 
Tx 0.741742 1 1 4 54 
Tx 0.741742 1 1 4 54 
Tx 0.741742 1 1 4 54 
Tx 0.741742 1 1 4 54 
Tx 0.741742 1 1 4 54 
Tx 0.741742 1 1 4 54 
Tx 0.741742 1 1 4 54 
Tx 0.741742 1 1 4 54 
Rx 0.742308 1 1 4 54 566720
Rx 0.742308 1 1 4 54 566720
Rx 0.742308 1 1 4 54 566720
Rx 0.742308 1 1 4 54 566720
Rx 0.742308 1 1 4 54 566720
Rx 0.742308 1 1 4 54 566720
Rx 0.742308 1 1 4 54 566720
Rx 0.742308 1 1 4 54 566720
Rx 0.742308 1 1 4 54 566720
Rx 0.742308 1 1 4 54 566720
Rx 0.742308 1 1 4 54 566720
Rx 0.742308 1 1 4 54 566720
Rx 0.742308 1 1 4 54 566720
Tx 0.742808 1 1 4 182 
Rx 0.745408 1 1 4 182 2600000
Tx 0.747942 1 1 4 54 
Tx 0.747942 1 1 4 54 
Tx 0.747942 1 1 4 54 
Tx 0.747942 1 1 4 54 
Tx 0.747942 1 1 4 54 
Tx 0.747942 1 1 4 54 
Tx 0.747942 1 1 4 54 
Tx 0.747942 1 1 4 54 
Tx 0.747942 1 1 4 54 
Tx 0.747942 1 1 4 54 
Tx 0.747942 1 1 4 54 
Tx 0.747942 1 1 4 54 
Tx 0.747942 1 1 4 54 
Rx 0.748508 1 1 4 54 566720
Rx 0.748508 1 1 4 54 566720
Rx 0.748508 1 1 4 54 566720
Rx 0.748508 1 1 4 54 566720
Rx 0.748508 1 1 4 54 566720
Rx 0.748508 1 1 4 54 566720
Rx 0.748508 1 1 4 54 566720
Rx 0.748508 1 1 4 54 566720
Rx 0.748508 1 1 4 54 566720
Rx 0.748508 1 1 4 54 566720
Rx 0.748508 1 1 4 54 566720
Rx 0.748508 1 1 4 54 566720
Rx 0.748508 1 1 4 54 566720
Tx 0.749008 1 1 4 182 
Rx 0.751608 1 1 4 182 2600000
Tx 0.754142 1 1 4 54 
Tx 0.754142 1 1 4 54 
Tx 0.754142 1 1 4 54 
Tx 0.754142 1 1 4 54 
Tx 0.754142 1 1 4 54 
Tx 0.754142 1 1 4 54 
Tx 0.754142 1 1 4 54 
Tx 0.754142 1 1 4 54 
Tx 0.754142 1 1 4 54 
Tx 0.754142 1 1 4 54 
Tx 0.754142 1 1 4 54 
Tx 0.754142 1 1 4 54 
Tx 0.754142 1 1 4 54 
Rx 0.754708 1 1 4 54 566720
Rx 0.754708 1 1 4 54 566720
Rx 0.754708 1 1 4 54 566720
Rx 0.754708 1 1 4 54 566720
Rx 0.754708 1 1 4 54 566720
Rx 0.754708 1 1 4 54 566720
Rx 0.754708 1 1 4 54 566720
Rx 0.754708 1 1 4 54 566720
Rx 0.754708 1 1 4 54 566720
Rx 0.754708 1 1 4 54 566720
Rx 0.754708 1 1 4 54 566720
Rx 0.754708 1 1 4 54 566720
Rx 0.754708 1 1 4 54 566720
Tx 0.755208 1 1 4 182 
Rx 0.757808 1 1 4 182 2600000
Tx 0.760346 1 1 4 54 
Tx 0.760346 1 1 4 54 
Tx 0.760346 1 1 4 54 
Tx 0.760346 1 1 4 54 
Tx 0.760346 1 1 4 54 
Tx 0.760346 1 1 4 54 
Tx 0.760346 1 1 4 54 
Tx 0.760346 1 1 4 54 
Tx 0.760346 1 1 4 54 
Tx 0.760346 1 1 4 54 
Tx 0.760346 1 1 4 54 
Tx 0.760346 1 1 4 54 
Tx 0.760346 1 1 4 54 
Tx 0.760346 1 1 4 54 
Rx 0.760908 1 1 4 54 562560
Rx 0.760908 1 1 4 54 562560
Rx 0.760908 1 1 4 54 562560
Rx 0.760908 1 1 4 54 562560
Rx 0.760908 1 1 4 54 562560
Rx 0.760908 1 1 4 54 562560
Rx 0.760908 1 1 4 54 562560
Rx 0.760908 1 1 4 54 562560
Rx 0.760908 1 1 4 54 562560
Rx 0.760908 1 1 4 54 562560
Rx 0.760908 1 1 4 54 562560
Rx 0.760908 1 1 4 54 562560
Rx 0.760908 1 1 4 54 562560
Rx 0.760908 1 1 4 54 562560
Tx 0.761408 1 1 4 182 
Rx 0.764008 1 1 4 182 2600000
Tx 0.766542 1 1 4 54 
Tx 0.766542 1 1 4 54 
Tx 0.766542 1 1 4 54 
Tx 0.766542 1 1 4 54 
Tx 0.766542 1 1 4 54 
Tx 0.766542 1 1 4 54 
Tx 0.766542 1 1 4 54 
Tx 0.766542 1 1 4 54 
Tx 0.766542 1 1 4 54 
Tx 0.766542 1 1 4 54 
Tx 0.766542 1 1 4 54 
Tx 0.766542 1 1 4 54 
Tx 0.766542 1 1 4 54 
Rx 0.767108 1 1 4 54 566720
Rx 0.767108 1 1 4 54 566720
Rx 0.767108 1 1 4 54 566720
Rx 0.767108 1 1 4 54 566720
Rx 0.767108 1 1 4 54 566720
Rx 0.767108 1 1 4 54 566720
Rx 0.767108 1 1 4 54 566720
Rx 0.767108 1 1 4 54 566720
Rx 0.767108 1 1 4 54 566720
Rx 0.767108 1 1 4 54 566720
Rx 0.767108 1 1 4 54 566720
Rx 0.767108 1 1 4 54 566720
Rx 0.767108 1 1 4 54 566720
Tx 0.767608 1 1 4 182 
Rx 0.770208 1 1 4 182 2600000
Tx 0.772742 1 1 4 54 
Tx 0.772742 1 1 4 54 
Tx 0.772742 1 1 4 54 
Tx 0.772742 1 1 4 54 
Tx 0.772742 1 1 4 54 
Tx 0.772742 1 1 4 54 
Tx 0.772742 1 1 4 54 
Tx 0.772742 1 1 4 54 
Tx 0.772742 1 1 4 54 
Tx 0.772742 1 1 4 54 
Tx 0.772742 1 1 4 54 
Tx 0.772742 1 1 4 54 
Tx 0.772742 1 1 4 54 
Rx 0.773308 1 1 4 54 566720
Rx 0.773308 1 1 4 54 566720
Rx 0.773308 1 1 4 54 566720
Rx 0.773308 1 1 4 54 566720
Rx 0.773308 1 1 4 54 566720
Rx 0.773308 1 1 4 54 566720
Rx 0.773308 1 1 4 54 566720
Rx 0.773308 1 1 4 54 566720
Rx 0.773308 1 1 4 54 566720
Rx 0.773308 1 1 4 54 566720
Rx 0.773308 1 1 4 54 566720
Rx 0.773308 1 1 4 54 566720
Rx 0.773308 1 1 4 54 566720
Tx 0.773808 1 1 4 182 
Rx 0.776408 1 1 4 182 2600000
Tx 0.778942 1 1 4 54 
Tx 0.778942 1 1 4 54 
Tx 0.778942 1 1 4 54 
Tx 0.778942 1 1 4 54 
Tx 0.778942 1 1 4 54 
Tx 0.778942 1 1 4 54 
Tx 0.778942 1 1 4 54 
Tx 0.778942 1 1 4 54 
Tx 0.778942 1 1 4 54 
Tx 0.778942 1 1 4 54 
Tx 0.778942 1 1 4 54 
Tx 0.778942 1 1 4 54 
Tx 0.778942 1 1 4 54 
Rx 0.779508 1 1 4 54 566720
Rx 0.779508 1 1 4 54 566720
Rx 0.779508 1 1 4 54 566720
Rx 0.779508 1 1 4 54 566720
Rx 0.779508 1 1 4 54 566720
Rx 0.779508 1 1 4 54 566720
Rx 0.779508 1 1 4 54 566720
Rx 0.779508 1 1 4 54 566720
Rx 0.779508 1 1 4 54 566720
Rx 0.779508 1 1 4 54 566720
Rx 0.779508 1 1 4 54 566720
Rx 0.779508 1 1 4 54 566720
Rx 0.779508 1 1 4 54 566720
Tx 0.780008 1 1 4 182 
Rx 0.782608 1 1 4 182 2600000
Tx 0.785142 1 1 4 54 
Tx 0.785142 1 1 4 54 
Tx 0.785142 1 1 4 54 
Tx 0.785142 1 1 4 54 
Tx 0.785142 1 1 4 54 
Tx 0.785142 1 1 4 54 
Tx 0.785142 1 1 4 54 
Tx 0.785142 1 1 4 54 
Tx 0.785142 1 1 4 54 
Tx 0.785142 1 1 4 54 
Tx 0.785142 1 1 4 54 
Tx 0.785142 1 1 4 54 
Rx 0.785708 1 1 4 54 566720
Rx 0.785708 1 1 4 54 566720
Rx 0.785708 1 1 4 54 566720
Rx 0.785708 1 1 4 54 566720
Rx 0.785708 1 1 4 54 566720
Rx 0.785708 1 1 4 54 566720
Rx 0.785708 1 1 4 54 566720
Rx 0.785708 1 1 4 54 566720
Rx 0.785708 1 1 4 54 566720
Rx 0.785708 1 1 4 54 566720
Rx 0.785708 1 1 4 54 566720
Rx 0.785708 1 1 4 54 566720
Tx 0.786208 1 1 4 54 
Tx 0.786208 1 1 4 182 
Rx 0.788808 1 1 4 54 2600000
Rx 0.788808 1 1 4 182 2600000
Tx 0.791346 1 1 4 54 
Tx 0.791346 1 1 4 54 
Tx 0.791346 1 1 4 54 
Tx 0.791346 1 1 4 54 
Tx 0.791346 1 1 4 54 
Tx 0.791346 1 1 4 54 
Tx 0.791346 1 1 4 54 
Tx 0.791346 1 1 4 54 
Tx 0.791346 1 1 4 54 
Tx 0.791346 1 1 4 54 
Tx 0.791346 1 1 4 54 
Tx 0.791346 1 1 4 54 
Tx 0.791346 1 1 4 54 
Rx 0.791908 1 1 4 54 562560
Rx 0.791908 1 1 4 54 562560
Rx 0.791908 1 1 4 54 562560
Rx 0.791908 1 1 4 54 562560
Rx 0.791908 1 1 4 54 562560
Rx 0.791908 1 1 4 54 562560
Rx 0.791908 1 1 4 54 562560
Rx 0.791908 1 1 4 54 562560
Rx 0.791908 1 1 4 54 562560
Rx 0.791908 1 1 4 54 562560
Rx 0.791908 1 1 4 54 562560
Rx 0.791908 1 1 4 54 562560
Rx 0.791908 1 1 4 54 562560
Tx 0.792408 1 1 4 54 
Tx 0.792408 1 1 4 182 
Rx 0.795008 1 1 4 54 2600000
Rx 0.795008 1 1 4 182 2600000
Tx 0.797542 1 1 4 54 
Tx 0.797542 1 1 4 54 
Tx 0.797542 1 1 4 54 
Tx 0.797542 1 1 4 54 
Tx 0.797542 1 1 4 54 
Tx 0.797542 1 1 4 54 
Tx 0.797542 1 1 4 54 
Tx 0.797542 1 1 4 54 
Tx 0.797542 1 1 4 54 
Tx 0.797542 1 1 4 54 
Tx 0.797542 1 1 4 54 
Tx 0.797542 1 1 4 54 
Rx 0.798108 1 1 4 54 566720
Rx 0.798108 1 1 4 54 566720
Rx 0.798108 1 1 4 54 566720
Rx 0.798108 1 1 4 54 566720
Rx 0.798108 1 1 4 54 566720
Rx 0.798108 1 1 4 54 566720
Rx 0.798108 1 1 4 54 566720
Rx 0.798108 1 1 4 54 566720
Rx 0.798108 1 1 4 54 566720
Rx 0.798108 1 1 4 54 566720
Rx 0.798108 1 1 4 54 566720
Rx 0.798108 1 1 4 54 566720
Tx 0.798608 1 1 4 54 
Tx 0.798608 1 1 4 182 
Rx 0.801208 1 1 4 54 2600000
Rx 0.801208 1 1 4 182 2600000
Tx 0.803742 1 1 4 54 
Tx 0.803742 1 1 4 54 
Tx 0.803742 1 1 4 54 
Tx 0.803742 1 1 4 54 
Tx 0.803742 1 1 4 54 
Tx 0.803742 1 1 4 54 
Tx 0.803742 1 1 4 54 
Tx 0.803742 1 1 4 54 
Tx 0.803742 1 1 4 54 
Tx 0.803742 1 1 4 54 
Tx 0.803742 1 1 4 54 
Tx 0.803742 1 1 4 54 
Rx 0.804308 1 1 4 54 566720
Rx 0.804308 1 1 4 54 566720
Rx 0.804308 1 1 4 54 566720
Rx 0.804308 1 1 4 54 566720
Rx 0.804308 1 1 4 54 566720
Rx 0.804308 1 1 4 54 566720
Rx 0.804308 1 1 4 54 566720
Rx 0.804308 1 1 4 54 566720
Rx 0.804308 1 1 4 54 566720
Rx 0.804308 1 1 4 54 566720
Rx 0.804308 1 1 4 54 566720
Rx 0.804308 1 1 4 54 566720
Tx 0.804808 1 1 4 54 
Tx 0.804808 1 1 4 182 
Rx 0.807408 1 1 4 54 2600000
Rx 0.807408 1 1 4 182 2600000
Tx 0.809946 1 1 4 54 
Tx 0.809946 1 1 4 54 
Tx 0.809946 1 1 4 54 
Tx 0.809946 1 1 4 54 
Tx 0.809946 1 1 4 54 
Tx 0.809946 1 1 4 54 
Tx 0.809946 1 1 4 54 
Tx 0.809946 1 1 4 54 
Tx 0.809946 1 1 4 54 
Tx 0.809946 1 1 4 54 
Tx 0.809946 1 1 4 54 
Tx 0.809946 1 1 4 54 
Tx 0.809946 1 1 4 54 
Tx 0.809946 1 1 4 54 
Rx 0.810508 1 1 4 54 562560
Rx 0.810508 1 1 4 54 562560
Rx 0.810508 1 1 4 54 562560
Rx 0.810508 1 1 4 54 562560
Rx 0.810508 1 1 4 54 562560
Rx 0.810508 1 1 4 54 562560
Rx 0.810508 1 1 4 54 562560
Rx 0.810508 1 1 4 54 562560
Rx 0.810508 1 1 4 54 562560
Rx 0.810508 1 1 4 54 562560
Rx 0.810508 1 1 4 54 562560
Rx 0.810508 1 1 4 54 562560
Rx 0.810508 1 1 4 54 562560
Rx 0.810508 1 1 4 54 562560
Tx 0.811008 1 1 4 182 
Rx 0.813608 1 1 4 182 2600000
Tx 0.816142 1 1 4 54 
Tx 0.816142 1 1 4 54 
Tx 0.816142 1 1 4 54 
Tx 0.816142 1 1 4 54 
Tx 0.816142 1 1 4 54 
Tx 0.816142 1 1 4 54 
Tx 0.816142 1 1 4 54 
Tx 0.816142 1 1 4 54 
Tx 0.816142 1 1 4 54 
Tx 0.816142 1 1 4 54 
Tx 0.816142 1 1 4 54 
Tx 0.816142 1 1 4 54 
Tx 0.816142 1 1 4 54 
Rx 0.816708 1 1 4 54 566720
Rx 0.816708 1 1 4 54 566720
Rx 0.816708 1 1 4 54 566720
Rx 0.816708 1 1 4 54 566720
Rx 0.816708 1 1 4 54 566720
Rx 0.816708 1 1 4 54 566720
Rx 0.816708 1 1 4 54 566720
Rx 0.816708 1 1 4 54 566720
Rx 0.816708 1 1 4 54 566720
Rx 0.816708 1 1 4 54 566720
Rx 0.816708 1 1 4 54 566720
Rx 0.816708 1 1 4 54 566720
Rx 0.816708 1 1 4 54 566720
Tx 0.817208 1 1 4 182 
Rx 0.819808 1 1 4 182 2600000
Tx 0.822342 1 1 4 54 
Tx 0.822342 1 1 4 54 
Tx 0.822342 1 1 4 54 
Tx 0.822342 1 1 4 54 
Tx 0.822342 1 1 4 54 
Tx 0.822342 1 1 4 54 
Tx 0.822342 1 1 4 54 
Tx 0.822342 1 1 4 54 
Tx 0.822342 1 1 4 54 
Tx 0.822342 1 1 4 54 
Tx 0.822342 1 1 4 54 
Tx 0.822342 1 1 4 54 
Tx 0.822342 1 1 4 54 
Rx 0.822908 1 1 4 54 566720
Rx 0.822908 1 1 4 54 566720
Rx 0.822908 1 1 4 54 566720
Rx 0.822908 1 1 4 54 566720
Rx 0.822908 1 1 4 54 566720
Rx 0.822908 1 1 4 54 566720
Rx 0.822908 1 1 4 54 566720
Rx 0.822908 1 1 4 54 566720
Rx 0.822908 1 1 4 54 566720
Rx 0.822908 1 1 4 54 566720
Rx 0.822908 1 1 4 54 566720
Rx 0.822908 1 1 4 54 566720
Rx 0.822908 1 1 4 54 566720
Tx 0.823408 1 1 4 182 
Rx 0.826008 1 1 4 182 2600000
Tx 0.828542 1 1 4 54 
Tx 0.828542 1 1 4 54 
Tx 0.828542 1 1 4 54 
Tx 0.828542 1 1 4 54 
Tx 0.828542 1 1 4 54 
Tx 0.828542 1 1 4 54 
Tx 0.828542 1 1 4 54 
Tx 0.828542 1 1 4 54 
Tx 0.828542 1 1 4 54 
Tx 0.828542 1 1 4 54 
Tx 0.828542 1 1 4 54 
Tx 0.828542 1 1 4 54 
Rx 0.829108 1 1 4 54 566720
Rx 0.829108 1 1 4 54 566720
Rx 0.829108 1 1 4 54 566720
Rx 0.829108 1 1 4 54 566720
Rx 0.829108 1 1 4 54 566720
Rx 0.829108 1 1 4 54 566720
Rx 0.829108 1 1 4 54 566720
Rx 0.829108 1 1 4 54 566720
Rx 0.829108 1 1 4 54 566720
Rx 0.829108 1 1 4 54 566720
Rx 0.829108 1 1 4 54 566720
Rx 0.829108 1 1 4 54 566720
Tx 0.829608 1 1 4 54 
Tx 0.829608 1 1 4 182 
Rx 0.832208 1 1 4 54 2600000
Rx 0.832208 1 1 4 182 2600000
Tx 0.834742 1 1 4 54 
Tx 0.834742 1 1 4 54 
Tx 0.834742 1 1 4 54 
Tx 0.834742 1 1 4 54 
Tx 0.834742 1 1 4 54 
Tx 0.834742 1 1 4 54 
Tx 0.834742 1 1 4 54 
Tx 0.834742 1 1 4 54 
Tx 0.834742 1 1 4 54 
Tx 0.834742 1 1 4 54 
Tx 0.834742 1 1 4 54 
Tx 0.834742 1 1 4 54 
Rx 0.835308 1 1 4 54 566720
Rx 0.835308 1 1 4 54 566720
Rx 0.835308 1 1 4 54 566720
Rx 0.835308 1 1 4 54 566720
Rx 0.835308 1 1 4 54 566720
Rx 0.835308 1 1 4 54 566720
Rx 0.835308 1 1 4 54 566720
Rx 0.835308 1 1 4 54 566720
Rx 0.835308 1 1 4 54 566720
Rx 0.835308 1 1 4 54 566720
Rx 0.835308 1 1 4 54 566720
Rx 0.835308 1 1 4 54 566720
Tx 0.835808 1 1 4 54 
Tx 0.835808 1 1 4 182 
Rx 0.838408 1 1 4 54 2600000
Rx 0.838408 1 1 4 182 2600000
Tx 0.840946 1 1 4 54 
Tx 0.840946 1 1 4 54 
Tx 0.840946 1 1 4 54 
Tx 0.840946 1 1 4 54 
Tx 0.840946 1 1 4 54 
Tx 0.840946 1 1 4 54 
Tx 0.840946 1 1 4 54 
Tx 0.840946 1 1 4 54 
Tx 0.840946 1 1 4 54 
Tx 0.840946 1 1 4 54 
Tx 0.840946 1 1 4 54 
Tx 0.840946 1 1 4 54 
Tx 0.840946 1 1 4 54 
Rx 0.841508 1 1 4 54 562560
Rx 0.841508 1 1 4 54 562560
Rx 0.841508 1 1 4 54 562560
Rx 0.841508 1 1 4 54 562560
Rx 0.841508 1 1 4 54 562560
Rx 0.841508 1 1 4 54 562560
Rx 0.841508 1 1 4 54 562560
Rx 0.841508 1 1 4 54 562560
Rx 0.841508 1 1 4 54 562560
Rx 0.841508 1 1 4 54 562560
Rx 0.841508 1 1 4 54 562560
Rx 0.841508 1 1 4 54 562560
Rx 0.841508 1 1 4 54 562560
Tx 0.842008 1 1 4 54 
Tx 0.842008 1 1 4 182 
Rx 0.844608 1 1 4 54 2600000
Rx 0.844608 1 1 4 182 2600000
Tx 0.847146 1 1 4 54 
Tx 0.847146 1 1 4 54 
Tx 0.847146 1 1 4 54 
Tx 0.847146 1 1 4 54 
Tx 0.847146 1 1 4 54 
Tx 0.847146 1 1 4 54 
Tx 0.847146 1 1 4 54 
Tx 0.847146 1 1 4 54 
Tx 0.847146 1 1 4 54 
Tx 0.847146 1 1 4 54 
Tx 0.847146 1 1 4 54 
Tx 0.847146 1 1 4 54 
Tx 0.847146 1 1 4 54 
Rx 0.847708 1 1 4 54 562560
Rx 0.847708 1 1 4 54 562560
Rx 0.847708 1 1 4 54 562560
Rx 0.847708 1 1 4 54 562560
Rx 0.847708 1 1 4 54 562560
Rx 0.847708 1 1 4 54 562560
Rx 0.847708 1 1 4 54 562560
Rx 0.847708 1 1 4 54 562560
Rx 0.847708 1 1 4 54 562560
Rx 0.847708 1 1 4 54 562560
Rx 0.847708 1 1 4 54 562560
Rx 0.847708 1 1 4 54 562560
Rx 0.847708 1 1 4 54 562560
Tx 0.848208 1 1 4 54 
Tx 0.848208 1 1 4 182 
Rx 0.850808 1 1 4 54 2600000
Rx 0.850808 1 1 4 182 2600000
Tx 0.853342 1 1 4 54 
Tx 0.853342 1 1 4 54 
Tx 0.853342 1 1 4 54 
Tx 0.853342 1 1 4 54 
Tx 0.853342 1 1 4 54 
Tx 0.853342 1 1 4 54 
Tx 0.853342 1 1 4 54 
Tx 0.853342 1 1 4 54 
Tx 0.853342 1 1 4 54 
Tx 0.853342 1 1 4 54 
Tx 0.853342 1 1 4 54 
Tx 0.853342 1 1 4 54 
Rx 0.853908 1 1 4 54 566720
Rx 0.853908 1 1 4 54 566720
Rx 0.853908 1 1 4 54 566720
Rx 0.853908 1 1 4 54 566720
Rx 0.853908 1 1 4 54 566720
Rx 0.853908 1 1 4 54 566720
Rx 0.853908 1 1 4 54 566720
Rx 0.853908 1 1 4 54 566720
Rx 0.853908 1 1 4 54 566720
Rx 0.853908 1 1 4 54 566720
Rx 0.853908 1 1 4 54 566720
Rx 0.853908 1 1 4 54 566720
Tx 0.854408 1 1 4 182 
Rx 0.857008 1 1 4 182 2600000
Tx 0.859542 1 1 4 54 
Tx 0.859542 1 1 4 54 
Tx 0.859542 1 1 4 54 
Tx 0.859542 1 1 4 54 
Tx 0.859542 1 1 4 54 
Tx 0.859542 1 1 4 54 
Tx 0.859542 1 1 4 54 
Tx 0.859542 1 1 4 54 
Tx 0.859542 1 1 4 54 
Tx 0.859542 1 1 4 54 
Tx 0.859542 1 1 4 54 
Tx 0.859542 1 1 4 54 
Tx 0.859542 1 1 4 54 
Rx 0.860108 1 1 4 54 566720
Rx 0.860108 1 1 4 54 566720
Rx 0.860108 1 1 4 54 566720
Rx 0.860108 1 1 4 54 566720
Rx 0.860108 1 1 4 54 566720
Rx 0.860108 1 1 4 54 566720
Rx 0.860108 1 1 4 54 566720
Rx 0.860108 1 1 4 54 566720
Rx 0.860108 1 1 4 54 566720
Rx 0.860108 1 1 4 54 566720
Rx 0.860108 1 1 4 54 566720
Rx 0.860108 1 1 4 54 566720
Rx 0.860108 1 1 4 54 566720
Tx 0.860608 1 1 4 182 
Rx 0.863208 1 1 4 182 2600000
Tx 0.865742 1 1 4 54 
Tx 0.865742 1 1 4 54 
Tx 0.865742 1 1 4 54 
Tx 0.865742 1 1 4 54 
Tx 0.865742 1 1 4 54 
Tx 0.865742 1 1 4 54 
Tx 0.865742 1 1 4 54 
Tx 0.865742 1 1 4 54 
Tx 0.865742 1 1 4 54 
Tx 0.865742 1 1 4 54 
Tx 0.865742 1 1 4 54 
Tx 0.865742 1 1 4 54 
Tx 0.865742 1 1 4 54 
Rx 0.866308 1 1 4 54 566720
Rx 0.866308 1 1 4 54 566720
Rx 0.866308 1 1 4 54 566720
Rx 0.866308 1 1 4 54 566720
Rx 0.866308 1 1 4 54 566720
Rx 0.866308 1 1 4 54 566720
Rx 0.866308 1 1 4 54 566720
Rx 0.866308 1 1 4 54 566720
Rx 0.866308 1 1 4 54 566720
Rx 0.866308 1 1 4 54 566720
Rx 0.866308 1 1 4 54 566720
Rx 0.866308 1 1 4 54 566720
Rx 0.866308 1 1 4 54 566720
Tx 0.866808 1 1 4 182 
Rx 0.869408 1 1 4 182 2600000
Tx 0.871942 1 1 4 54 
Tx 0.871942 1 1 4 54 
Tx 0.871942 1 1 4 54 
Tx 0.871942 1 1 4 54 
Tx 0.871942 1 1 4 54 
Tx 0.871942 1 1 4 54 
Tx 0.871942 1 1 4 54 
Tx 0.871942 1 1 4 54 
Tx 0.871942 1 1 4 54 
Tx 0.871942 1 1 4 54 
Tx 0.871942 1 1 4 54 
Tx 0.871942 1 1 4 54 
Rx 0.872508 1 1 4 54 566720
Rx 0.872508 1 1 4 54 566720
Rx 0.872508 1 1 4 54 566720
Rx 0.872508 1 1 4 54 566720
Rx 0.872508 1 1 4 54 566720
Rx 0.872508 1 1 4 54 566720
Rx 0.872508 1 1 4 54 566720
Rx 0.872508 1 1 4 54 566720
Rx 0.872508 1 1 4 54 566720
Rx 0.872508 1 1 4 54 566720
Rx 0.872508 1 1 4 54 566720
Rx 0.872508 1 1 4 54 566720
Tx 0.873008 1 1 4 54 
Tx 0.873008 1 1 4 182 
Rx 0.875608 1 1 4 54 2600000
Rx 0.875608 1 1 4 182 2600000
Tx 0.878146 1 1 4 54 
Tx 0.878146 1 1 4 54 
Tx 0.878146 1 1 4 54 
Tx 0.878146 1 1 4 54 
Tx 0.878146 1 1 4 54 
Tx 0.878146 1 1 4 54 
Tx 0.878146 1 1 4 54 
Tx 0.878146 1 1 4 54 
Tx 0.878146 1 1 4 54 
Tx 0.878146 1 1 4 54 
Tx 0.878146 1 1 4 54 
Tx 0.878146 1 1 4 54 
Tx 0.878146 1 1 4 54 
Rx 0.878708 1 1 4 54 562560
Rx 0.878708 1 1 4 54 562560
Rx 0.878708 1 1 4 54 562560
Rx 0.878708 1 1 4 54 562560
Rx 0.878708 1 1 4 54 562560
Rx 0.878708 1 1 4 54 562560
Rx 0.878708 1 1 4 54 562560
Rx 0.878708 1 1 4 54 562560
Rx 0.878708 1 1 4 54 562560
Rx 0.878708 1 1 4 54 562560
Rx 0.878708 1 1 4 54 562560
Rx 0.878708 1 1 4 54 562560
Rx 0.878708 1 1 4 54 562560
Tx 0.879208 1 1 4 54 
Tx 0.879208 1 1 4 182 
Rx 0.881808 1 1 4 54 2600000
Rx 0.881808 1 1 4 182 2600000
Tx 0.884342 1 1 4 54 
Tx 0.884342 1 1 4 54 
Tx 0.884342 1 1 4 54 
Tx 0.884342 1 1 4 54 
Tx 0.884342 1 1 4 54 
Tx 0.884342 1 1 4 54 
Tx 0.884342 1 1 4 54 
Tx 0.884342 1 1 4 54 
Tx 0.884342 1 1 4 54 
Tx 0.884342 1 1 4 54 
Tx 0.884342 1 1 4 54 
Tx 0.884342 1 1 4 54 
Rx 0.884908 1 1 4 54 566720
Rx 0.884908 1 1 4 54 566720
Rx 0.884908 1 1 4 54 566720
Rx 0.884908 1 1 4 54 566720
Rx 0.884908 1 1 4 54 566720
Rx 0.884908 1 1 4 54 566720
Rx 0.884908 1 1 4 54 566720
Rx 0.884908 1 1 4 54 566720
Rx 0.884908 1 1 4 54 566720
Rx 0.884908 1 1 4 54 566720
Rx 0.884908 1 1 4 54 566720
Rx 0.884908 1 1 4 54 566720
Tx 0.885408 1 1 4 54 
Tx 0.885408 1 1 4 182 
Rx 0.888008 1 1 4 54 2600000
Rx 0.888008 1 1 4 182 2600000
Tx 0.890542 1 1 4 54 
Tx 0.890542 1 1 4 54 
Tx 0.890542 1 1 4 54 
Tx 0.890542 1 1 4 54 
Tx 0.890542 1 1 4 54 
Tx 0.890542 1 1 4 54 
Tx 0.890542 1 1 4 54 
Tx 0.890542 1 1 4 54 
Tx 0.890542 1 1 4 54 
Tx 0.890542 1 1 4 54 
Tx 0.890542 1 1 4 54 
Tx 0.890542 1 1 4 54 
Tx 0.890542 1 1 4 54 
Rx 0.891108 1 1 4 54 566720
Rx 0.891108 1 1 4 54 566720
Rx 0.891108 1 1 4 54 566720
Rx 0.891108 1 1 4 54 566720
Rx 0.891108 1 1 4 54 566720
Rx 0.891108 1 1 4 54 566720
Rx 0.891108 1 1 4 54 566720
Rx 0.891108 1 1 4 54 566720
Rx 0.891108 1 1 4 54 566720
Rx 0.891108 1 1 4 54 566720
Rx 0.891108 1 1 4 54 566720
Rx 0.891108 1 1 4 54 566720
Rx 0.891108 1 1 4 54 566720
Tx 0.891608 1 1 4 182 
Rx 0.894208 1 1 4 182 2600000
Tx 0.896746 1 1 4 54 
Tx 0.896746 1 1 4 54 
Tx 0.896746 1 1 4 54 
Tx 0.896746 1 1 4 54 
Tx 0.896746 1 1 4 54 
Tx 0.896746 1 1 4 54 
Tx 0.896746 1 1 4 54 
Tx 0.896746 1 1 4 54 
Tx 0.896746 1 1 4 54 
Tx 0.896746 1 1 4 54 
Tx 0.896746 1 1 4 54 
Tx 0.896746 1 1 4 54 
Tx 0.896746 1 1 4 54 
Rx 0.897308 1 1 4 54 562560
Rx 0.897308 1 1 4 54 562560
Rx 0.897308 1 1 4 54 562560
Rx 0.897308 1 1 4 54 562560
Rx 0.897308 1 1 4 54 562560
Rx 0.897308 1 1 4 54 562560
Rx 0.897308 1 1 4 54 562560
Rx 0.897308 1 1 4 54 562560
Rx 0.897308 1 1 4 54 562560
Rx 0.897308 1 1 4 54 562560
Rx 0.897308 1 1 4 54 562560
Rx 0.897308 1 1 4 54 562560
Rx 0.897308 1 1 4 54 562560
Tx 0.897808 1 1 4 54 
Tx 0.897808 1 1 4 182 
Rx 0.900408 1 1 4 54 2600000
Rx 0.900408 1 1 4 182 2600000
Tx 0.902942 1 1 4 54 
Tx 0.902942 1 1 4 54 
Tx 0.902942 1 1 4 54 
Tx 0.902942 1 1 4 54 
Tx 0.902942 1 1 4 54 
Tx 0.902942 1 1 4 54 
Tx 0.902942 1 1 4 54 
Tx 0.902942 1 1 4 54 
Tx 0.902942 1 1 4 54 
Tx 0.902942 1 1 4 54 
Tx 0.902942 1 1 4 54 
Tx 0.902942 1 1 4 54 
Tx 0.902942 1 1 4 54 
Rx 0.903508 1 1 4 54 566720
Rx 0.903508 1 1 4 54 566720
Rx 0.903508 1 1 4 54 566720
Rx 0.903508 1 1 4 54 566720
Rx 0.903508 1 1 4 54 566720
Rx 0.903508 1 1 4 54 566720
Rx 0.903508 1 1 4 54 566720
Rx 0.903508 1 1 4 54 566720
Rx 0.903508 1 1 4 54 566720
Rx 0.903508 1 1 4 54 566720
Rx 0.903508 1 1 4 54 566720
Rx 0.903508 1 1 4 54 566720
Rx 0.903508 1 1 4 54 566720
Tx 0.904008 1 1 4 182 
Rx 0.906608 1 1 4 182 2600000
Tx 0.909142 1 1 4 54 
Tx 0.909142 1 1 4 54 
Tx 0.909142 1 1 4 54 
Tx 0.909142 1 1 4 54 
Tx 0.909142 1 1 4 54 
Tx 0.909142 1 1 4 54 
Tx 0.909142 1 1 4 54 
Tx 0.909142 1 1 4 54 
Tx 0.909142 1 1 4 54 
Tx 0.909142 1 1 4 54 
Tx 0.909142 1 1 4 54 
Tx 0.909142 1 1 4 54 
Rx 0.909708 1 1 4 54 566720
Rx 0.909708 1 1 4 54 566720
Rx 0.909708 1 1 4 54 566720
Rx 0.909708 1 1 4 54 566720
Rx 0.909708 1 1 4 54 566720
Rx 0.909708 1 1 4 54 566720
Rx 0.909708 1 1 4 54 566720
Rx 0.909708 1 1 4 54 566720
Rx 0.909708 1 1 4 54 566720
Rx 0.909708 1 1 4 54 566720
Rx 0.909708 1 1 4 54 566720
Rx 0.909708 1 1 4 54 566720
Tx 0.910208 1 1 4 54 
Tx 0.910208 1 1 4 182 
Rx 0.912808 1 1 4 54 2600000
Rx 0.912808 1 1 4 182 2600000
Tx 0.915342 1 1 4 54 
Tx 0.915342 1 1 4 54 
Tx 0.915342 1 1 4 54 
Tx 0.915342 1 1 4 54 
Tx 0.915342 1 1 4 54 
Tx 0.915342 1 1 4 54 
Tx 0.915342 1 1 4 54 
Tx 0.915342 1 1 4 54 
Tx 0.915342 1 1 4 54 
Tx 0.915342 1 1 4 54 
Tx 0.915342 1 1 4 54 
Tx 0.915342 1 1 4 54 
Tx 0.915342 1 1 4 54 
Rx 0.915908 1 1 4 54 566720
Rx 0.915908 1 1 4 54 566720
Rx 0.915908 1 1 4 54 566720
Rx 0.915908 1 1 4 54 566720
Rx 0.915908 1 1 4 54 566720
Rx 0.915908 1 1 4 54 566720
Rx 0.915908 1 1 4 54 566720
Rx 0.915908 1 1 4 54 566720
Rx 0.915908 1 1 4 54 566720
Rx 0.915908 1 1 4 54 566720
Rx 0.915908 1 1 4 54 566720
Rx 0.915908 1 1 4 54 566720
Rx 0.915908 1 1 4 54 566720
Tx 0.916408 1 1 4 182 
Rx 0.919008 1 1 4 182 2600000
Tx 0.921542 1 1 4 54 
Tx 0.921542 1 1 4 54 
Tx 0.921542 1 1 4 54 
Tx 0.921542 1 1 4 54 
Tx 0.921542 1 1 4 54 
Tx 0.921542 1 1 4 54 
Tx 0.921542 1 1 4 54 
Tx 0.921542 1 1 4 54 
Tx 0.921542 1 1 4 54 
Tx 0.921542 1 1 4 54 
Tx 0.921542 1 1 4 54 
Tx 0.921542 1 1 4 54 
Rx 0.922108 1 1 4 54 566720
Rx 0.922108 1 1 4 54 566720
Rx 0.922108 1 1 4 54 566720
Rx 0.922108 1 1 4 54 566720
Rx 0.922108 1 1 4 54 566720
Rx 0.922108 1 1 4 54 566720
Rx 0.922108 1 1 4 54 566720
Rx 0.922108 1 1 4 54 566720
Rx 0.922108 1 1 4 54 566720
Rx 0.922108 1 1 4 54 566720
Rx 0.922108 1 1 4 54 566720
Rx 0.922108 1 1 4 54 566720
Tx 0.922608 1 1 4 54 
Tx 0.922608 1 1 4 182 
Rx 0.925208 1 1 4 54 2600000
Rx 0.925208 1 1 4 182 2600000
Tx 0.927746 1 1 4 54 
Tx 0.927746 1 1 4 54 
Tx 0.927746 1 1 4 54 
Tx 0.927746 1 1 4 54 
Tx 0.927746 1 1 4 54 
Tx 0.927746 1 1 4 54 
Tx 0.927746 1 1 4 54 
Tx 0.927746 1 1 4 54 
Tx 0.927746 1 1 4 54 
Tx 0.927746 1 1 4 54 
Tx 0.927746 1 1 4 54 
Tx 0.927746 1 1 4 54 
Tx 0.927746 1 1 4 54 
Rx 0.928308 1 1 4 54 562560
Rx 0.928308 1 1 4 54 562560
Rx 0.928308 1 1 4 54 562560
Rx 0.928308 1 1 4 54 562560
Rx 0.928308 1 1 4 54 562560
Rx 0.928308 1 1 4 54 562560
Rx 0.928308 1 1 4 54 562560
Rx 0.928308 1 1 4 54 562560
Rx 0.928308 1 1 4 54 562560
Rx 0.928308 1 1 4 54 562560
Rx 0.928308 1 1 4 54 562560
Rx 0.928308 1 1 4 54 562560
Rx 0.928308 1 1 4 54 562560
Tx 0.928808 1 1 4 54 
Tx 0.928808 1 1 4 182 
Rx 0.931408 1 1 4 54 2600000
Rx 0.931408 1 1 4 182 2600000
Tx 0.933942 1 1 4 54 
Tx 0.933942 1 1 4 54 
Tx 0.933942 1 1 4 54 
Tx 0.933942 1 1 4 54 
Tx 0.933942 1 1 4 54 
Tx 0.933942 1 1 4 54 
Tx 0.933942 1 1 4 54 
Tx 0.933942 1 1 4 54 
Tx 0.933942 1 1 4 54 
Tx 0.933942 1 1 4 54 
Tx 0.933942 1 1 4 54 
Tx 0.933942 1 1 4 54 
Tx 0.933942 1 1 4 54 
Rx 0.934508 1 1 4 54 566720
Rx 0.934508 1 1 4 54 566720
Rx 0.934508 1 1 4 54 566720
Rx 0.934508 1 1 4 54 566720
Rx 0.934508 1 1 4 54 566720
Rx 0.934508 1 1 4 54 566720
Rx 0.934508 1 1 4 54 566720
Rx 0.934508 1 1 4 54 566720
Rx 0.934508 1 1 4 54 566720
Rx 0.934508 1 1 4 54 566720
Rx 0.934508 1 1 4 54 566720
Rx 0.934508 1 1 4 54 566720
Rx 0.934508 1 1 4 54 566720
Tx 0.935008 1 1 4 182 
Rx 0.937608 1 1 4 182 2600000
Tx 0.940142 1 1 4 54 
Tx 0.940142 1 1 4 54 
Tx 0.940142 1 1 4 54 
Tx 0.940142 1 1 4 54 
Tx 0.940142 1 1 4 54 
Tx 0.940142 1 1 4 54 
Tx 0.940142 1 1 4 54 
Tx 0.940142 1 1 4 54 
Tx 0.940142 1 1 4 54 
Tx 0.940142 1 1 4 54 
Tx 0.940142 1 1 4 54 
Tx 0.940142 1 1 4 54 
Rx 0.940708 1 1 4 54 566720
Rx 0.940708 1 1 4 54 566720
Rx 0.940708 1 1 4 54 566720
Rx 0.940708 1 1 4 54 566720
Rx 0.940708 1 1 4 54 566720
Rx 0.940708 1 1 4 54 566720
Rx 0.940708 1 1 4 54 566720
Rx 0.940708 1 1 4 54 566720
Rx 0.940708 1 1 4 54 566720
Rx 0.940708 1 1 4 54 566720
Rx 0.940708 1 1 4 54 566720
Rx 0.940708 1 1 4 54 566720
Tx 0.941208 1 1 4 54 
Tx 0.941208 1 1 4 182 
Rx 0.943808 1 1 4 54 2600000
Rx 0.943808 1 1 4 182 2600000
Tx 0.946342 1 1 4 54 
Tx 0.946342 1 1 4 54 
Tx 0.946342 1 1 4 54 
Tx 0.946342 1 1 4 54 
Tx 0.946342 1 1 4 54 
Tx 0.946342 1 1 4 54 
Tx 0.946342 1 1 4 54 
Tx 0.946342 1 1 4 54 
Tx 0.946342 1 1 4 54 
Tx 0.946342 1 1 4 54 
Tx 0.946342 1 1 4 54 
Tx 0.946342 1 1 4 54 
Tx 0.946342 1 1 4 54 
Rx 0.946908 1 1 4 54 566720
Rx 0.946908 1 1 4 54 566720
Rx 0.946908 1 1 4 54 566720
Rx 0.946908 1 1 4 54 566720
Rx 0.946908 1 1 4 54 566720
Rx 0.946908 1 1 4 54 566720
Rx 0.946908 1 1 4 54 566720
Rx 0.946908 1 1 4 54 566720
Rx 0.946908 1 1 4 54 566720
Rx 0.946908 1 1 4 54 566720
Rx 0.946908 1 1 4 54 566720
Rx 0.946908 1 1 4 54 566720
Rx 0.946908 1 1 4 54 566720
Tx 0.947408 1 1 4 182 
Rx 0.950008 1 1 4 182 2600000
Tx 0.952542 1 1 4 54 
Tx 0.952542 1 1 4 54 
Tx 0.952542 1 1 4 54 
Tx 0.952542 1 1 4 54 
Tx 0.952542 1 1 4 54 
Tx 0.952542 1 1 4 54 
Tx 0.952542 1 1 4 54 
Tx 0.952542 1 1 4 54 
Tx 0.952542 1 1 4 54 
Tx 0.952542 1 1 4 54 
Tx 0.952542 1 1 4 54 
Tx 0.952542 1 1 4 54 
Rx 0.953108 1 1 4 54 566720
Rx 0.953108 1 1 4 54 566720
Rx 0.953108 1 1 4 54 566720
Rx 0.953108 1 1 4 54 566720
Rx 0.953108 1 1 4 54 566720
Rx 0.953108 1 1 4 54 566720
Rx 0.953108 1 1 4 54 566720
Rx 0.953108 1 1 4 54 566720
Rx 0.953108 1 1 4 54 566720
Rx 0.953108 1 1 4 54 566720
Rx 0.953108 1 1 4 54 566720
Rx 0.953108 1 1 4 54 566720
Tx 0.953608 1 1 4 54 
Tx 0.953608 1 1 4 182 
Rx 0.956208 1 1 4 54 2600000
Rx 0.956208 1 1 4 182 2600000
Tx 0.958742 1 1 4 54 
Tx 0.958742 1 1 4 54 
Tx 0.958742 1 1 4 54 
Tx 0.958742 1 1 4 54 
Tx 0.958742 1 1 4 54 
Tx 0.958742 1 1 4 54 
Tx 0.958742 1 1 4 54 
Tx 0.958742 1 1 4 54 
Tx 0.958742 1 1 4 54 
Tx 0.958742 1 1 4 54 
Tx 0.958742 1 1 4 54 
Tx 0.958742 1 1 4 54 
Tx 0.958742 1 1 4 54 
Rx 0.959308 1 1 4 54 566720
Rx 0.959308 1 1 4 54 566720
Rx 0.959308 1 1 4 54 566720
Rx 0.959308 1 1 4 54 566720
Rx 0.959308 1 1 4 54 566720
Rx 0.959308 1 1 4 54 566720
Rx 0.959308 1 1 4 54 566720
Rx 0.959308 1 1 4 54 566720
Rx 0.959308 1 1 4 54 566720
Rx 0.959308 1 1 4 54 566720
Rx 0.959308 1 1 4 54 566720
Rx 0.959308 1 1 4 54 566720
Rx 0.959308 1 1 4 54 566720
Tx 0.959808 1 1 4 182 
Rx 0.962408 1 1 4 182 2600000
Tx 0.964942 1 1 4 54 
Tx 0.964942 1 1 4 54 
Tx 0.964942 1 1 4 54 
Tx 0.964942 1 1 4 54 
Tx 0.964942 1 1 4 54 
Tx 0.964942 1 1 4 54 
Tx 0.964942 1 1 4 54 
Tx 0.964942 1 1 4 54 
Tx 0.964942 1 1 4 54 
Tx 0.964942 1 1 4 54 
Tx 0.964942 1 1 4 54 
Tx 0.964942 1 1 4 54 
Tx 0.964942 1 1 4 54 
Rx 0.965508 1 1 4 54 566720
Rx 0.965508 1 1 4 54 566720
Rx 0.965508 1 1 4 54 566720
Rx 0.965508 1 1 4 54 566720
Rx 0.965508 1 1 4 54 566720
Rx 0.965508 1 1 4 54 566720
Rx 0.965508 1 1 4 54 566720
Rx 0.965508 1 1 4 54 566720
Rx 0.965508 1 1 4 54 566720
Rx 0.965508 1 1 4 54 566720
Rx 0.965508 1 1 4 54 566720
Rx 0.965508 1 1 4 54 566720
Rx 0.965508 1 1 4 54 566720
Tx 0.966008 1 1 4 182 
Rx 0.968608 1 1 4 182 2600000
Tx 0.971142 1 1 4 54 
Tx 0.971142 1 1 4 54 
Tx 0.971142 1 1 4 54 
Tx 0.971142 1 1 4 54 
Tx 0.971142 1 1 4 54 
Tx 0.971142 1 1 4 54 
Tx 0.971142 1 1 4 54 
Tx 0.971142 1 1 4 54 
Tx 0.971142 1 1 4 54 
Tx 0.971142 1 1 4 54 
Tx 0.971142 1 1 4 54 
Tx 0.971142 1 1 4 54 
Rx 0.971708 1 1 4 54 566720
Rx 0.971708 1 1 4 54 566720
Rx 0.971708 1 1 4 54 566720
Rx 0.971708 1 1 4 54 566720
Rx 0.971708 1 1 4 54 566720
Rx 0.971708 1 1 4 54 566720
Rx 0.971708 1 1 4 54 566720
Rx 0.971708 1 1 4 54 566720
Rx 0.971708 1 1 4 54 566720
Rx 0.971708 1 1 4 54 566720
Rx 0.971708 1 1 4 54 566720
Rx 0.971708 1 1 4 54 566720
Tx 0.972208 1 1 4 54 
Tx 0.972208 1 1 4 182 
Rx 0.974808 1 1 4 54 2600000
Rx 0.974808 1 1 4 182 2600000
Tx 0.977346 1 1 4 54 
Tx 0.977346 1 1 4 54 
Tx 0.977346 1 1 4 54 
Tx 0.977346 1 1 4 54 
Tx 0.977346 1 1 4 54 
Tx 0.977346 1 1 4 54 
Tx 0.977346 1 1 4 54 
Tx 0.977346 1 1 4 54 
Tx 0.977346 1 1 4 54 
Tx 0.977346 1 1 4 54 
Tx 0.977346 1 1 4 54 
Tx 0.977346 1 1 4 54 
Tx 0.977346 1 1 4 54 
Tx 0.977346 1 1 4 54 
Rx 0.977908 1 1 4 54 562560
Rx 0.977908 1 1 4 54 562560
Rx 0.977908 1 1 4 54 562560
Rx 0.977908 1 1 4 54 562560
Rx 0.977908 1 1 4 54 562560
Rx 0.977908 1 1 4 54 562560
Rx 0.977908 1 1 4 54 562560
Rx 0.977908 1 1 4 54 562560
Rx 0.977908 1 1 4 54 562560
Rx 0.977908 1 1 4 54 562560
Rx 0.977908 1 1 4 54 562560
Rx 0.977908 1 1 4 54 562560
Rx 0.977908 1 1 4 54 562560
Rx 0.977908 1 1 4 54 562560
Tx 0.978408 1 1 4 182 
Rx 0.981008 1 1 4 182 2600000
Tx 0.983542 1 1 4 54 
Tx 0.983542 1 1 4 54 
Tx 0.983542 1 1 4 54 
Tx 0.983542 1 1 4 54 
Tx 0.983542 1 1 4 54 
Tx 0.983542 1 1 4 54 
Tx 0.983542 1 1 4 54 
Tx 0.983542 1 1 4 54 
Tx 0.983542 1 1 4 54 
Tx 0.983542 1 1 4 54 
Tx 0.983542 1 1 4 54 
Tx 0.983542 1 1 4 54 
Tx 0.983542 1 1 4 54 
Rx 0.984108 1 1 4 54 566720
Rx 0.984108 1 1 4 54 566720
Rx 0.984108 1 1 4 54 566720
Rx 0.984108 1 1 4 54 566720
Rx 0.984108 1 1 4 54 566720
Rx 0.984108 1 1 4 54 566720
Rx 0.984108 1 1 4 54 566720
Rx 0.984108 1 1 4 54 566720
Rx 0.984108 1 1 4 54 566720
Rx 0.984108 1 1 4 54 566720
Rx 0.984108 1 1 4 54 566720
Rx 0.984108 1 1 4 54 566720
Rx 0.984108 1 1 4 54 566720
Tx 0.984608 1 1 4 182 
Rx 0.987208 1 1 4 182 2600000
Tx 0.989742 1 1 4 54 
Tx 0.989742 1 1 4 54 
Tx 0.989742 1 1 4 54 
Tx 0.989742 1 1 4 54 
Tx 0.989742 1 1 4 54 
Tx 0.989742 1 1 4 54 
Tx 0.989742 1 1 4 54 
Tx 0.989742 1 1 4 54 
Tx 0.989742 1 1 4 54 
Tx 0.989742 1 1 4 54 
Tx 0.989742 1 1 4 54 
Tx 0.989742 1 1 4 54 
Tx 0.989742 1 1 4 54 
Rx 0.990308 1 1 4 54 566720
Rx 0.990308 1 1 4 54 566720
Rx 0.990308 1 1 4 54 566720
Rx 0.990308 1 1 4 54 566720
Rx 0.990308 1 1 4 54 566720
Rx 0.990308 1 1 4 54 566720
Rx 0.990308 1 1 4 54 566720
Rx 0.990308 1 1 4 54 566720
Rx 0.990308 1 1 4 54 566720
Rx 0.990308 1 1 4 54 566720
Rx 0.990308 1 1 4 54 566720
Rx 0.990308 1 1 4 54 566720
Rx 0.990308 1 1 4 54 566720
Tx 0.990808 1 1 4 182 
Rx 0.993408 1 1 4 182 2600000
Tx 0.995942 1 1 4 54 
Tx 0.995942 1 1 4 54 
Tx 0.995942 1 1 4 54 
Tx 0.995942 1 1 4 54 
Tx 0.995942 1 1 4 54 
Tx 0.995942 1 1 4 54 
Tx 0.995942 1 1 4 54 
Tx 0.995942 1 1 4 54 
Tx 0.995942 1 1 4 54 
Tx 0.995942 1 1 4 54 
Tx 0.995942 1 1 4 54 
Tx 0.995942 1 1 4 54 
Rx 0.996508 1 1 4 54 566720
Rx 0.996508 1 1 4 54 566720
Rx 0.996508 1 1 4 54 566720
Rx 0.996508 1 1 4 54 566720
Rx 0.996508 1 1 4 54 566720
Rx 0.996508 1 1 4 54 566720
Rx 0.996508 1 1 4 54 566720
Rx 0.996508 1 1 4 54 566720
Rx 0.996508 1 1 4 54 566720
Rx 0.996508 1 1 4 54 566720
Rx 0.996508 1 1 4 54 566720
Rx 0.996508 1 1 4 54 566720
Tx 0.997008 1 1 4 54 
Tx 0.997008 1 1 4 182 
Rx 0.999608 1 1 4 54 2600000
Rx 0.999608 1 1 4 182 2600000
Tx 1.00214 1 1 4 54 
Tx 1.00214 1 1 4 54 
Tx 1.00214 1 1 4 54 
Tx 1.00214 1 1 4 54 
Tx 1.00214 1 1 4 54 
Tx 1.00214 1 1 4 54 
Tx 1.00214 1 1 4 54 
Tx 1.00214 1 1 4 54 
Tx 1.00214 1 1 4 54 
Tx 1.00214 1 1 4 54 
Tx 1.00214 1 1 4 54 
Tx 1.00214 1 1 4 54 
Tx 1.00214 1 1 4 54 
Rx 1.00271 1 1 4 54 566720
Rx 1.00271 1 1 4 54 566720
Rx 1.00271 1 1 4 54 566720
Rx 1.00271 1 1 4 54 566720
Rx 1.00271 1 1 4 54 566720
Rx 1.00271 1 1 4 54 566720
Rx 1.00271 1 1 4 54 566720
Rx 1.00271 1 1 4 54 566720
Rx 1.00271 1 1 4 54 566720
Rx 1.00271 1 1 4 54 566720
Rx 1.00271 1 1 4 54 566720
Rx 1.00271 1 1 4 54 566720
Rx 1.00271 1 1 4 54 566720
Tx 1.00321 1 1 4 182 
Rx 1.00581 1 1 4 182 2600000
Tx 1.00835 1 1 4 54 
Tx 1.00835 1 1 4 54 
Tx 1.00835 1 1 4 54 
Tx 1.00835 1 1 4 54 
Tx 1.00835 1 1 4 54 
Tx 1.00835 1 1 4 54 
Tx 1.00835 1 1 4 54 
Tx 1.00835 1 1 4 54 
Tx 1.00835 1 1 4 54 
Tx 1.00835 1 1 4 54 
Tx 1.00835 1 1 4 54 
Tx 1.00835 1 1 4 54 
Tx 1.00835 1 1 4 54 
Rx 1.00891 1 1 4 54 562560
Rx 1.00891 1 1 4 54 562560
Rx 1.00891 1 1 4 54 562560
Rx 1.00891 1 1 4 54 562560
Rx 1.00891 1 1 4 54 562560
Rx 1.00891 1 1 4 54 562560
Rx 1.00891 1 1 4 54 562560
Rx 1.00891 1 1 4 54 562560
Rx 1.00891 1 1 4 54 562560
Rx 1.00891 1 1 4 54 562560
Rx 1.00891 1 1 4 54 562560
Rx 1.00891 1 1 4 54 562560
Rx 1.00891 1 1 4 54 562560
Tx 1.00941 1 1 4 54 
Tx 1.00941 1 1 4 182 
Rx 1.01201 1 1 4 54 2600000
Rx 1.01201 1 1 4 182 2600000
Tx 1.01455 1 1 4 54 
Tx 1.01455 1 1 4 54 
Tx 1.01455 1 1 4 54 
Tx 1.01455 1 1 4 54 
Tx 1.01455 1 1 4 54 
Tx 1.01455 1 1 4 54 
Tx 1.01455 1 1 4 54 
Tx 1.01455 1 1 4 54 
Tx 1.01455 1 1 4 54 
Tx 1.01455 1 1 4 54 
Tx 1.01455 1 1 4 54 
Tx 1.01455 1 1 4 54 
Tx 1.01455 1 1 4 54 
Rx 1.01511 1 1 4 54 562560
Rx 1.01511 1 1 4 54 562560
Rx 1.01511 1 1 4 54 562560
Rx 1.01511 1 1 4 54 562560
Rx 1.01511 1 1 4 54 562560
Rx 1.01511 1 1 4 54 562560
Rx 1.01511 1 1 4 54 562560
Rx 1.01511 1 1 4 54 562560
Rx 1.01511 1 1 4 54 562560
Rx 1.01511 1 1 4 54 562560
Rx 1.01511 1 1 4 54 562560
Rx 1.01511 1 1 4 54 562560
Rx 1.01511 1 1 4 54 562560
Tx 1.01561 1 1 4 54 
Tx 1.01561 1 1 4 182 
Rx 1.01821 1 1 4 54 2600000
Rx 1.01821 1 1 4 182 2600000
Tx 1.02074 1 1 4 54 
Tx 1.02074 1 1 4 54 
Tx 1.02074 1 1 4 54 
Tx 1.02074 1 1 4 54 
Tx 1.02074 1 1 4 54 
Tx 1.02074 1 1 4 54 
Tx 1.02074 1 1 4 54 
Tx 1.02074 1 1 4 54 
Tx 1.02074 1 1 4 54 
Tx 1.02074 1 1 4 54 
Tx 1.02074 1 1 4 54 
Tx 1.02074 1 1 4 54 
Tx 1.02074 1 1 4 54 
Rx 1.02131 1 1 4 54 566720
Rx 1.02131 1 1 4 54 566720
Rx 1.02131 1 1 4 54 566720
Rx 1.02131 1 1 4 54 566720
Rx 1.02131 1 1 4 54 566720
Rx 1.02131 1 1 4 54 566720
Rx 1.02131 1 1 4 54 566720
Rx 1.02131 1 1 4 54 566720
Rx 1.02131 1 1 4 54 566720
Rx 1.02131 1 1 4 54 566720
Rx 1.02131 1 1 4 54 566720
Rx 1.02131 1 1 4 54 566720
Rx 1.02131 1 1 4 54 566720
Tx 1.02181 1 1 4 182 
Rx 1.02441 1 1 4 182 2600000
Tx 1.02694 1 1 4 54 
Tx 1.02694 1 1 4 54 
Tx 1.02694 1 1 4 54 
Tx 1.02694 1 1 4 54 
Tx 1.02694 1 1 4 54 
Tx 1.02694 1 1 4 54 
Tx 1.02694 1 1 4 54 
Tx 1.02694 1 1 4 54 
Tx 1.02694 1 1 4 54 
Tx 1.02694 1 1 4 54 
Tx 1.02694 1 1 4 54 
Tx 1.02694 1 1 4 54 
Tx 1.02694 1 1 4 54 
Rx 1.02751 1 1 4 54 566720
Rx 1.02751 1 1 4 54 566720
Rx 1.02751 1 1 4 54 566720
Rx 1.02751 1 1 4 54 566720
Rx 1.02751 1 1 4 54 566720
Rx 1.02751 1 1 4 54 566720
Rx 1.02751 1 1 4 54 566720
Rx 1.02751 1 1 4 54 566720
Rx 1.02751 1 1 4 54 566720
Rx 1.02751 1 1 4 54 566720
Rx 1.02751 1 1 4 54 566720
Rx 1.02751 1 1 4 54 566720
Rx 1.02751 1 1 4 54 566720
Tx 1.02801 1 1 4 182 
Rx 1.03061 1 1 4 182 2600000
Tx 1.03315 1 1 4 54 
Tx 1.03315 1 1 4 54 
Tx 1.03315 1 1 4 54 
Tx 1.03315 1 1 4 54 
Tx 1.03315 1 1 4 54 
Tx 1.03315 1 1 4 54 
Tx 1.03315 1 1 4 54 
Tx 1.03315 1 1 4 54 
Tx 1.03315 1 1 4 54 
Tx 1.03315 1 1 4 54 
Tx 1.03315 1 1 4 54 
Tx 1.03315 1 1 4 54 
Tx 1.03315 1 1 4 54 
Rx 1.03371 1 1 4 54 562560
Rx 1.03371 1 1 4 54 562560
Rx 1.03371 1 1 4 54 562560
Rx 1.03371 1 1 4 54 562560
Rx 1.03371 1 1 4 54 562560
Rx 1.03371 1 1 4 54 562560
Rx 1.03371 1 1 4 54 562560
Rx 1.03371 1 1 4 54 562560
Rx 1.03371 1 1 4 54 562560
Rx 1.03371 1 1 4 54 562560
Rx 1.03371 1 1 4 54 562560
Rx 1.03371 1 1 4 54 562560
Rx 1.03371 1 1 4 54 562560
Tx 1.03421 1 1 4 54 
Tx 1.03421 1 1 4 182 
Rx 1.03681 1 1 4 54 2600000
Rx 1.03681 1 1 4 182 2600000
Tx 1.03934 1 1 4 54 
Tx 1.03934 1 1 4 54 
Tx 1.03934 1 1 4 54 
Tx 1.03934 1 1 4 54 
Tx 1.03934 1 1 4 54 
Tx 1.03934 1 1 4 54 
Tx 1.03934 1 1 4 54 
Tx 1.03934 1 1 4 54 
Tx 1.03934 1 1 4 54 
Tx 1.03934 1 1 4 54 
Tx 1.03934 1 1 4 54 
Tx 1.03934 1 1 4 54 
Rx 1.03991 1 1 4 54 566720
Rx 1.03991 1 1 4 54 566720
Rx 1.03991 1 1 4 54 566720
Rx 1.03991 1 1 4 54 566720
Rx 1.03991 1 1 4 54 566720
Rx 1.03991 1 1 4 54 566720
Rx 1.03991 1 1 4 54 566720
Rx 1.03991 1 1 4 54 566720
Rx 1.03991 1 1 4 54 566720
Rx 1.03991 1 1 4 54 566720
Rx 1.03991 1 1 4 54 566720
Rx 1.03991 1 1 4 54 566720
Tx 1.04041 1 1 4 54 
Tx 1.04041 1 1 4 182 
Rx 1.04301 1 1 4 54 2600000
Rx 1.04301 1 1 4 182 2600000
Tx 1.04554 1 1 4 54 
Tx 1.04554 1 1 4 54 
Tx 1.04554 1 1 4 54 
Tx 1.04554 1 1 4 54 
Tx 1.04554 1 1 4 54 
Tx 1.04554 1 1 4 54 
Tx 1.04554 1 1 4 54 
Tx 1.04554 1 1 4 54 
Tx 1.04554 1 1 4 54 
Tx 1.04554 1 1 4 54 
Tx 1.04554 1 1 4 54 
Tx 1.04554 1 1 4 54 
Rx 1.04611 1 1 4 54 566720
Rx 1.04611 1 1 4 54 566720
Rx 1.04611 1 1 4 54 566720
Rx 1.04611 1 1 4 54 566720
Rx 1.04611 1 1 4 54 566720
Rx 1.04611 1 1 4 54 566720
Rx 1.04611 1 1 4 54 566720
Rx 1.04611 1 1 4 54 566720
Rx 1.04611 1 1 4 54 566720
Rx 1.04611 1 1 4 54 566720
Rx 1.04611 1 1 4 54 566720
Rx 1.04611 1 1 4 54 566720
Tx 1.04661 1 1 4 54 
Tx 1.04661 1 1 4 182 
Rx 1.04921 1 1 4 54 2600000
Rx 1.04921 1 1 4 182 2600000
Tx 1.05174 1 1 4 54 
Tx 1.05174 1 1 4 54 
Tx 1.05174 1 1 4 54 
Tx 1.05174 1 1 4 54 
Tx 1.05174 1 1 4 54 
Tx 1.05174 1 1 4 54 
Tx 1.05174 1 1 4 54 
Tx 1.05174 1 1 4 54 
Tx 1.05174 1 1 4 54 
Tx 1.05174 1 1 4 54 
Tx 1.05174 1 1 4 54 
Tx 1.05174 1 1 4 54 
Tx 1.05174 1 1 4 54 
Rx 1.05231 1 1 4 54 566720
Rx 1.05231 1 1 4 54 566720
Rx 1.05231 1 1 4 54 566720
Rx 1.05231 1 1 4 54 566720
Rx 1.05231 1 1 4 54 566720
Rx 1.05231 1 1 4 54 566720
Rx 1.05231 1 1 4 54 566720
Rx 1.05231 1 1 4 54 566720
Rx 1.05231 1 1 4 54 566720
Rx 1.05231 1 1 4 54 566720
Rx 1.05231 1 1 4 54 566720
Rx 1.05231 1 1 4 54 566720
Rx 1.05231 1 1 4 54 566720
Tx 1.05281 1 1 4 182 
Rx 1.05541 1 1 4 182 2600000
Tx 1.05794 1 1 4 54 
Tx 1.05794 1 1 4 54 
Tx 1.05794 1 1 4 54 
Tx 1.05794 1 1 4 54 
Tx 1.05794 1 1 4 54 
Tx 1.05794 1 1 4 54 
Tx 1.05794 1 1 4 54 
Tx 1.05794 1 1 4 54 
Tx 1.05794 1 1 4 54 
Tx 1.05794 1 1 4 54 
Tx 1.05794 1 1 4 54 
Tx 1.05794 1 1 4 54 
Tx 1.05794 1 1 4 54 
Rx 1.05851 1 1 4 54 566720
Rx 1.05851 1 1 4 54 566720
Rx 1.05851 1 1 4 54 566720
Rx 1.05851 1 1 4 54 566720
Rx 1.05851 1 1 4 54 566720
Rx 1.05851 1 1 4 54 566720
Rx 1.05851 1 1 4 54 566720
Rx 1.05851 1 1 4 54 566720
Rx 1.05851 1 1 4 54 566720
Rx 1.05851 1 1 4 54 566720
Rx 1.05851 1 1 4 54 566720
Rx 1.05851 1 1 4 54 566720
Rx 1.05851 1 1 4 54 566720
Tx 1.05901 1 1 4 182 
Rx 1.06161 1 1 4 182 2600000
Tx 1.06414 1 1 4 54 
Tx 1.06414 1 1 4 54 
Tx 1.06414 1 1 4 54 
Tx 1.06414 1 1 4 54 
Tx 1.06414 1 1 4 54 
Tx 1.06414 1 1 4 54 
Tx 1.06414 1 1 4 54 
Tx 1.06414 1 1 4 54 
Tx 1.06414 1 1 4 54 
Tx 1.06414 1 1 4 54 
Tx 1.06414 1 1 4 54 
Tx 1.06414 1 1 4 54 
Rx 1.06471 1 1 4 54 566720
Rx 1.06471 1 1 4 54 566720
Rx 1.06471 1 1 4 54 566720
Rx 1.06471 1 1 4 54 566720
Rx 1.06471 1 1 4 54 566720
Rx 1.06471 1 1 4 54 566720
Rx 1.06471 1 1 4 54 566720
Rx 1.06471 1 1 4 54 566720
Rx 1.06471 1 1 4 54 566720
Rx 1.06471 1 1 4 54 566720
Rx 1.06471 1 1 4 54 566720
Rx 1.06471 1 1 4 54 566720
Tx 1.06521 1 1 4 54 
Tx 1.06521 1 1 4 182 
Rx 1.06781 1 1 4 54 2600000
Rx 1.06781 1 1 4 182 2600000
Tx 1.07034 1 1 4 54 
Tx 1.07034 1 1 4 54 
Tx 1.07034 1 1 4 54 
Tx 1.07034 1 1 4 54 
Tx 1.07034 1 1 4 54 
Tx 1.07034 1 1 4 54 
Tx 1.07034 1 1 4 54 
Tx 1.07034 1 1 4 54 
Tx 1.07034 1 1 4 54 
Tx 1.07034 1 1 4 54 
Tx 1.07034 1 1 4 54 
Tx 1.07034 1 1 4 54 
Rx 1.07091 1 1 4 54 566720
Rx 1.07091 1 1 4 54 566720
Rx 1.07091 1 1 4 54 566720
Rx 1.07091 1 1 4 54 566720
Rx 1.07091 1 1 4 54 566720
Rx 1.07091 1 1 4 54 566720
Rx 1.07091 1 1 4 54 566720
Rx 1.07091 1 1 4 54 566720
Rx 1.07091 1 1 4 54 566720
Rx 1.07091 1 1 4 54 566720
Rx 1.07091 1 1 4 54 566720
Rx 1.07091 1 1 4 54 566720
Tx 1.07141 1 1 4 54 
Tx 1.07141 1 1 4 182 
Rx 1.07401 1 1 4 54 2600000
Rx 1.07401 1 1 4 182 2600000
Tx 1.07654 1 1 4 54 
Tx 1.07654 1 1 4 54 
Tx 1.07654 1 1 4 54 
Tx 1.07654 1 1 4 54 
Tx 1.07654 1 1 4 54 
Tx 1.07654 1 1 4 54 
Tx 1.07654 1 1 4 54 
Tx 1.07654 1 1 4 54 
Tx 1.07654 1 1 4 54 
Tx 1.07654 1 1 4 54 
Tx 1.07654 1 1 4 54 
Tx 1.07654 1 1 4 54 
Tx 1.07654 1 1 4 54 
Rx 1.07711 1 1 4 54 566720
Rx 1.07711 1 1 4 54 566720
Rx 1.07711 1 1 4 54 566720
Rx 1.07711 1 1 4 54 566720
Rx 1.07711 1 1 4 54 566720
Rx 1.07711 1 1 4 54 566720
Rx 1.07711 1 1 4 54 566720
Rx 1.07711 1 1 4 54 566720
Rx 1.07711 1 1 4 54 566720
Rx 1.07711 1 1 4 54 566720
Rx 1.07711 1 1 4 54 566720
Rx 1.07711 1 1 4 54 566720
Rx 1.07711 1 1 4 54 566720
Tx 1.07761 1 1 4 182 
Rx 1.08021 1 1 4 182 2600000
Tx 1.08274 1 1 4 54 
Tx 1.08274 1 1 4 54 
Tx 1.08274 1 1 4 54 
Tx 1.08274 1 1 4 54 
Tx 1.08274 1 1 4 54 
Tx 1.08274 1 1 4 54 
Tx 1.08274 1 1 4 54 
Tx 1.08274 1 1 4 54 
Tx 1.08274 1 1 4 54 
Tx 1.08274 1 1 4 54 
Tx 1.08274 1 1 4 54 
Tx 1.08274 1 1 4 54 
Tx 1.08274 1 1 4 54 
Rx 1.08331 1 1 4 54 566720
Rx 1.08331 1 1 4 54 566720
Rx 1.08331 1 1 4 54 566720
Rx 1.08331 1 1 4 54 566720
Rx 1.08331 1 1 4 54 566720
Rx 1.08331 1 1 4 54 566720
Rx 1.08331 1 1 4 54 566720
Rx 1.08331 1 1 4 54 566720
Rx 1.08331 1 1 4 54 566720
Rx 1.08331 1 1 4 54 566720
Rx 1.08331 1 1 4 54 566720
Rx 1.08331 1 1 4 54 566720
Rx 1.08331 1 1 4 54 566720
Tx 1.08381 1 1 4 182 
Rx 1.08641 1 1 4 182 2600000
Tx 1.08894 1 1 4 54 
Tx 1.08894 1 1 4 54 
Tx 1.08894 1 1 4 54 
Tx 1.08894 1 1 4 54 
Tx 1.08894 1 1 4 54 
Tx 1.08894 1 1 4 54 
Tx 1.08894 1 1 4 54 
Tx 1.08894 1 1 4 54 
Tx 1.08894 1 1 4 54 
Tx 1.08894 1 1 4 54 
Tx 1.08894 1 1 4 54 
Tx 1.08894 1 1 4 54 
Rx 1.08951 1 1 4 54 566720
Rx 1.08951 1 1 4 54 566720
Rx 1.08951 1 1 4 54 566720
Rx 1.08951 1 1 4 54 566720
Rx 1.08951 1 1 4 54 566720
Rx 1.08951 1 1 4 54 566720
Rx 1.08951 1 1 4 54 566720
Rx 1.08951 1 1 4 54 566720
Rx 1.08951 1 1 4 54 566720
Rx 1.08951 1 1 4 54 566720
Rx 1.08951 1 1 4 54 566720
Rx 1.08951 1 1 4 54 566720
Tx 1.09001 1 1 4 54 
Tx 1.09001 1 1 4 182 
Rx 1.09261 1 1 4 54 2600000
Rx 1.09261 1 1 4 182 2600000
Tx 1.09514 1 1 4 54 
Tx 1.09514 1 1 4 54 
Tx 1.09514 1 1 4 54 
Tx 1.09514 1 1 4 54 
Tx 1.09514 1 1 4 54 
Tx 1.09514 1 1 4 54 
Tx 1.09514 1 1 4 54 
Tx 1.09514 1 1 4 54 
Tx 1.09514 1 1 4 54 
Tx 1.09514 1 1 4 54 
Tx 1.09514 1 1 4 54 
Tx 1.09514 1 1 4 54 
Rx 1.09571 1 1 4 54 566720
Rx 1.09571 1 1 4 54 566720
Rx 1.09571 1 1 4 54 566720
Rx 1.09571 1 1 4 54 566720
Rx 1.09571 1 1 4 54 566720
Rx 1.09571 1 1 4 54 566720
Rx 1.09571 1 1 4 54 566720
Rx 1.09571 1 1 4 54 566720
Rx 1.09571 1 1 4 54 566720
Rx 1.09571 1 1 4 54 566720
Rx 1.09571 1 1 4 54 566720
Rx 1.09571 1 1 4 54 566720
Tx 1.09621 1 1 4 54 
Tx 1.09621 1 1 4 182 
Rx 1.09881 1 1 4 54 2600000
Rx 1.09881 1 1 4 182 2600000
Tx 1.10134 1 1 4 54 
Tx 1.10134 1 1 4 54 
Tx 1.10134 1 1 4 54 
Tx 1.10134 1 1 4 54 
Tx 1.10134 1 1 4 54 
Tx 1.10134 1 1 4 54 
Tx 1.10134 1 1 4 54 
Tx 1.10134 1 1 4 54 
Tx 1.10134 1 1 4 54 
Tx 1.10134 1 1 4 54 
Tx 1.10134 1 1 4 54 
Tx 1.10134 1 1 4 54 
Rx 1.10191 1 1 4 54 566720
Rx 1.10191 1 1 4 54 566720
Rx 1.10191 1 1 4 54 566720
Rx 1.10191 1 1 4 54 566720
Rx 1.10191 1 1 4 54 566720
Rx 1.10191 1 1 4 54 566720
Rx 1.10191 1 1 4 54 566720
Rx 1.10191 1 1 4 54 566720
Rx 1.10191 1 1 4 54 566720
Rx 1.10191 1 1 4 54 566720
Rx 1.10191 1 1 4 54 566720
Rx 1.10191 1 1 4 54 566720
Tx 1.10241 1 1 4 182 
Rx 1.10501 1 1 4 182 2600000
Tx 1.10754 1 1 4 54 
Tx 1.10754 1 1 4 54 
Tx 1.10754 1 1 4 54 
Tx 1.10754 1 1 4 54 
Tx 1.10754 1 1 4 54 
Tx 1.10754 1 1 4 54 
Tx 1.10754 1 1 4 54 
Tx 1.10754 1 1 4 54 
Tx 1.10754 1 1 4 54 
Tx 1.10754 1 1 4 54 
Tx 1.10754 1 1 4 54 
Tx 1.10754 1 1 4 54 
Tx 1.10754 1 1 4 54 
Rx 1.10811 1 1 4 54 566720
Rx 1.10811 1 1 4 54 566720
Rx 1.10811 1 1 4 54 566720
Rx 1.10811 1 1 4 54 566720
Rx 1.10811 1 1 4 54 566720
Rx 1.10811 1 1 4 54 566720
Rx 1.10811 1 1 4 54 566720
Rx 1.10811 1 1 4 54 566720
Rx 1.10811 1 1 4 54 566720
Rx 1.10811 1 1 4 54 566720
Rx 1.10811 1 1 4 54 566720
Rx 1.10811 1 1 4 54 566720
Rx 1.10811 1 1 4 54 566720
Tx 1.10861 1 1 4 182 
Rx 1.11121 1 1 4 182 2600000
Tx 1.11374 1 1 4 54 
Tx 1.11374 1 1 4 54 
Tx 1.11374 1 1 4 54 
Tx 1.11374 1 1 4 54 
Tx 1.11374 1 1 4 54 
Tx 1.11374 1 1 4 54 
Tx 1.11374 1 1 4 54 
Tx 1.11374 1 1 4 54 
Tx 1.11374 1 1 4 54 
Tx 1.11374 1 1 4 54 
Tx 1.11374 1 1 4 54 
Tx 1.11374 1 1 4 54 
Tx 1.11374 1 1 4 54 
Rx 1.11431 1 1 4 54 566720
Rx 1.11431 1 1 4 54 566720
Rx 1.11431 1 1 4 54 566720
Rx 1.11431 1 1 4 54 566720
Rx 1.11431 1 1 4 54 566720
Rx 1.11431 1 1 4 54 566720
Rx 1.11431 1 1 4 54 566720
Rx 1.11431 1 1 4 54 566720
Rx 1.11431 1 1 4 54 566720
Rx 1.11431 1 1 4 54 566720
Rx 1.11431 1 1 4 54 566720
Rx 1.11431 1 1 4 54 566720
Rx 1.11431 1 1 4 54 566720
Tx 1.11481 1 1 4 182 
Rx 1.11741 1 1 4 182 2600000
Tx 1.11994 1 1 4 54 
Tx 1.11994 1 1 4 54 
Tx 1.11994 1 1 4 54 
Tx 1.11994 1 1 4 54 
Tx 1.11994 1 1 4 54 
Tx 1.11994 1 1 4 54 
Tx 1.11994 1 1 4 54 
Tx 1.11994 1 1 4 54 
Tx 1.11994 1 1 4 54 
Tx 1.11994 1 1 4 54 
Tx 1.11994 1 1 4 54 
Tx 1.11994 1 1 4 54 
Rx 1.12051 1 1 4 54 566720
Rx 1.12051 1 1 4 54 566720
Rx 1.12051 1 1 4 54 566720
Rx 1.12051 1 1 4 54 566720
Rx 1.12051 1 1 4 54 566720
Rx 1.12051 1 1 4 54 566720
Rx 1.12051 1 1 4 54 566720
Rx 1.12051 1 1 4 54 566720
Rx 1.12051 1 1 4 54 566720
Rx 1.12051 1 1 4 54 566720
Rx 1.12051 1 1 4 54 566720
Rx 1.12051 1 1 4 54 566720
Tx 1.12101 1 1 4 54 
Tx 1.12101 1 1 4 182 
Rx 1.12361 1 1 4 54 2600000
Rx 1.12361 1 1 4 182 2600000
Tx 1.12614 1 1 4 54 
Tx 1.12614 1 1 4 54 
Tx 1.12614 1 1 4 54 
Tx 1.12614 1 1 4 54 
Tx 1.12614 1 1 4 54 
Tx 1.12614 1 1 4 54 
Tx 1.12614 1 1 4 54 
Tx 1.12614 1 1 4 54 
Tx 1.12614 1 1 4 54 
Tx 1.12614 1 1 4 54 
Tx 1.12614 1 1 4 54 
Tx 1.12614 1 1 4 54 
Tx 1.12614 1 1 4 54 
Rx 1.12671 1 1 4 54 566720
Rx 1.12671 1 1 4 54 566720
Rx 1.12671 1 1 4 54 566720
Rx 1.12671 1 1 4 54 566720
Rx 1.12671 1 1 4 54 566720
Rx 1.12671 1 1 4 54 566720
Rx 1.12671 1 1 4 54 566720
Rx 1.12671 1 1 4 54 566720
Rx 1.12671 1 1 4 54 566720
Rx 1.12671 1 1 4 54 566720
Rx 1.12671 1 1 4 54 566720
Rx 1.12671 1 1 4 54 566720
Rx 1.12671 1 1 4 54 566720
Tx 1.12721 1 1 4 182 
Rx 1.12981 1 1 4 182 2600000
Tx 1.13234 1 1 4 54 
Tx 1.13234 1 1 4 54 
Tx 1.13234 1 1 4 54 
Tx 1.13234 1 1 4 54 
Tx 1.13234 1 1 4 54 
Tx 1.13234 1 1 4 54 
Tx 1.13234 1 1 4 54 
Tx 1.13234 1 1 4 54 
Tx 1.13234 1 1 4 54 
Tx 1.13234 1 1 4 54 
Tx 1.13234 1 1 4 54 
Tx 1.13234 1 1 4 54 
Rx 1.13291 1 1 4 54 566720
Rx 1.13291 1 1 4 54 566720
Rx 1.13291 1 1 4 54 566720
Rx 1.13291 1 1 4 54 566720
Rx 1.13291 1 1 4 54 566720
Rx 1.13291 1 1 4 54 566720
Rx 1.13291 1 1 4 54 566720
Rx 1.13291 1 1 4 54 566720
Rx 1.13291 1 1 4 54 566720
Rx 1.13291 1 1 4 54 566720
Rx 1.13291 1 1 4 54 566720
Rx 1.13291 1 1 4 54 566720
Tx 1.13341 1 1 4 54 
Tx 1.13341 1 1 4 182 
Rx 1.13601 1 1 4 54 2600000
Rx 1.13601 1 1 4 182 2600000
Tx 1.13854 1 1 4 54 
Tx 1.13854 1 1 4 54 
Tx 1.13854 1 1 4 54 
Tx 1.13854 1 1 4 54 
Tx 1.13854 1 1 4 54 
Tx 1.13854 1 1 4 54 
Tx 1.13854 1 1 4 54 
Tx 1.13854 1 1 4 54 
Tx 1.13854 1 1 4 54 
Tx 1.13854 1 1 4 54 
Tx 1.13854 1 1 4 54 
Tx 1.13854 1 1 4 54 
Tx 1.13854 1 1 4 54 
Rx 1.13911 1 1 4 54 566720
Rx 1.13911 1 1 4 54 566720
Rx 1.13911 1 1 4 54 566720
Rx 1.13911 1 1 4 54 566720
Rx 1.13911 1 1 4 54 566720
Rx 1.13911 1 1 4 54 566720
Rx 1.13911 1 1 4 54 566720
Rx 1.13911 1 1 4 54 566720
Rx 1.13911 1 1 4 54 566720
Rx 1.13911 1 1 4 54 566720
Rx 1.13911 1 1 4 54 566720
Rx 1.13911 1 1 4 54 566720
Rx 1.13911 1 1 4 54 566720
Tx 1.13961 1 1 4 182 
Rx 1.14221 1 1 4 182 2600000
Tx 1.14475 1 1 4 54 
Tx 1.14475 1 1 4 54 
Tx 1.14475 1 1 4 54 
Tx 1.14475 1 1 4 54 
Tx 1.14475 1 1 4 54 
Tx 1.14475 1 1 4 54 
Tx 1.14475 1 1 4 54 
Tx 1.14475 1 1 4 54 
Tx 1.14475 1 1 4 54 
Tx 1.14475 1 1 4 54 
Tx 1.14475 1 1 4 54 
Tx 1.14475 1 1 4 54 
Tx 1.14475 1 1 4 54 
Rx 1.14531 1 1 4 54 562560
Rx 1.14531 1 1 4 54 562560
Rx 1.14531 1 1 4 54 562560
Rx 1.14531 1 1 4 54 562560
Rx 1.14531 1 1 4 54 562560
Rx 1.14531 1 1 4 54 562560
Rx 1.14531 1 1 4 54 562560
Rx 1.14531 1 1 4 54 562560
Rx 1.14531 1 1 4 54 562560
Rx 1.14531 1 1 4 54 562560
Rx 1.14531 1 1 4 54 562560
Rx 1.14531 1 1 4 54 562560
Rx 1.14531 1 1 4 54 562560
Tx 1.14581 1 1 4 54 
Tx 1.14581 1 1 4 182 
Rx 1.14841 1 1 4 54 2600000
Rx 1.14841 1 1 4 182 2600000
Tx 1.15095 1 1 4 54 
Tx 1.15095 1 1 4 54 
Tx 1.15095 1 1 4 54 
Tx 1.15095 1 1 4 54 
Tx 1.15095 1 1 4 54 
Tx 1.15095 1 1 4 54 
Tx 1.15095 1 1 4 54 
Tx 1.15095 1 1 4 54 
Tx 1.15095 1 1 4 54 
Tx 1.15095 1 1 4 54 
Tx 1.15095 1 1 4 54 
Tx 1.15095 1 1 4 54 
Tx 1.15095 1 1 4 54 
Rx 1.15151 1 1 4 54 562560
Rx 1.15151 1 1 4 54 562560
Rx 1.15151 1 1 4 54 562560
Rx 1.15151 1 1 4 54 562560
Rx 1.15151 1 1 4 54 562560
Rx 1.15151 1 1 4 54 562560
Rx 1.15151 1 1 4 54 562560
Rx 1.15151 1 1 4 54 562560
Rx 1.15151 1 1 4 54 562560
Rx 1.15151 1 1 4 54 562560
Rx 1.15151 1 1 4 54 562560
Rx 1.15151 1 1 4 54 562560
Rx 1.15151 1 1 4 54 562560
Tx 1.15201 1 1 4 54 
Tx 1.15201 1 1 4 182 
Rx 1.15461 1 1 4 54 2600000
Rx 1.15461 1 1 4 182 2600000
Tx 1.15714 1 1 4 54 
Tx 1.15714 1 1 4 54 
Tx 1.15714 1 1 4 54 
Tx 1.15714 1 1 4 54 
Tx 1.15714 1 1 4 54 
Tx 1.15714 1 1 4 54 
Tx 1.15714 1 1 4 54 
Tx 1.15714 1 1 4 54 
Tx 1.15714 1 1 4 54 
Tx 1.15714 1 1 4 54 
Tx 1.15714 1 1 4 54 
Tx 1.15714 1 1 4 54 
Rx 1.15771 1 1 4 54 566720
Rx 1.15771 1 1 4 54 566720
Rx 1.15771 1 1 4 54 566720
Rx 1.15771 1 1 4 54 566720
Rx 1.15771 1 1 4 54 566720
Rx 1.15771 1 1 4 54 566720
Rx 1.15771 1 1 4 54 566720
Rx 1.15771 1 1 4 54 566720
Rx 1.15771 1 1 4 54 566720
Rx 1.15771 1 1 4 54 566720
Rx 1.15771 1 1 4 54 566720
Rx 1.15771 1 1 4 54 566720
Tx 1.15821 1 1 4 54 
Tx 1.15821 1 1 4 182 
Rx 1.16081 1 1 4 54 2600000
Rx 1.16081 1 1 4 182 2600000
Tx 1.16335 1 1 4 54 
Tx 1.16335 1 1 4 54 
Tx 1.16335 1 1 4 54 
Tx 1.16335 1 1 4 54 
Tx 1.16335 1 1 4 54 
Tx 1.16335 1 1 4 54 
Tx 1.16335 1 1 4 54 
Tx 1.16335 1 1 4 54 
Tx 1.16335 1 1 4 54 
Tx 1.16335 1 1 4 54 
Tx 1.16335 1 1 4 54 
Tx 1.16335 1 1 4 54 
Tx 1.16335 1 1 4 54 
Rx 1.16391 1 1 4 54 562560
Rx 1.16391 1 1 4 54 562560
Rx 1.16391 1 1 4 54 562560
Rx 1.16391 1 1 4 54 562560
Rx 1.16391 1 1 4 54 562560
Rx 1.16391 1 1 4 54 562560
Rx 1.16391 1 1 4 54 562560
Rx 1.16391 1 1 4 54 562560
Rx 1.16391 1 1 4 54 562560
Rx 1.16391 1 1 4 54 562560
Rx 1.16391 1 1 4 54 562560
Rx 1.16391 1 1 4 54 562560
Rx 1.16391 1 1 4 54 562560
Tx 1.16441 1 1 4 54 
Tx 1.16441 1 1 4 182 
Rx 1.16701 1 1 4 54 2600000
Rx 1.16701 1 1 4 182 2600000
Tx 1.16954 1 1 4 54 
Tx 1.16954 1 1 4 54 
Tx 1.16954 1 1 4 54 
Tx 1.16954 1 1 4 54 
Tx 1.16954 1 1 4 54 
Tx 1.16954 1 1 4 54 
Tx 1.16954 1 1 4 54 
Tx 1.16954 1 1 4 54 
Tx 1.16954 1 1 4 54 
Tx 1.16954 1 1 4 54 
Tx 1.16954 1 1 4 54 
Tx 1.16954 1 1 4 54 
Tx 1.16954 1 1 4 54 
Rx 1.17011 1 1 4 54 566720
Rx 1.17011 1 1 4 54 566720
Rx 1.17011 1 1 4 54 566720
Rx 1.17011 1 1 4 54 566720
Rx 1.17011 1 1 4 54 566720
Rx 1.17011 1 1 4 54 566720
Rx 1.17011 1 1 4 54 566720
Rx 1.17011 1 1 4 54 566720
Rx 1.17011 1 1 4 54 566720
Rx 1.17011 1 1 4 54 566720
Rx 1.17011 1 1 4 54 566720
Rx 1.17011 1 1 4 54 566720
Rx 1.17011 1 1 4 54 566720
Tx 1.17061 1 1 4 182 
Rx 1.17321 1 1 4 182 2600000
Tx 1.17574 1 1 4 54 
Tx 1.17574 1 1 4 54 
Tx 1.17574 1 1 4 54 
Tx 1.17574 1 1 4 54 
Tx 1.17574 1 1 4 54 
Tx 1.17574 1 1 4 54 
Tx 1.17574 1 1 4 54 
Tx 1.17574 1 1 4 54 
Tx 1.17574 1 1 4 54 
Tx 1.17574 1 1 4 54 
Tx 1.17574 1 1 4 54 
Tx 1.17574 1 1 4 54 
Tx 1.17574 1 1 4 54 
Rx 1.17631 1 1 4 54 566720
Rx 1.17631 1 1 4 54 566720
Rx 1.17631 1 1 4 54 566720
Rx 1.17631 1 1 4 54 566720
Rx 1.17631 1 1 4 54 566720
Rx 1.17631 1 1 4 54 566720
Rx 1.17631 1 1 4 54 566720
Rx 1.17631 1 1 4 54 566720
Rx 1.17631 1 1 4 54 566720
Rx 1.17631 1 1 4 54 566720
Rx 1.17631 1 1 4 54 566720
Rx 1.17631 1 1 4 54 566720
Rx 1.17631 1 1 4 54 566720
Tx 1.17681 1 1 4 182 
Rx 1.17941 1 1 4 182 2600000
Tx 1.18195 1 1 4 54 
Tx 1.18195 1 1 4 54 
Tx 1.18195 1 1 4 54 
Tx 1.18195 1 1 4 54 
Tx 1.18195 1 1 4 54 
Tx 1.18195 1 1 4 54 
Tx 1.18195 1 1 4 54 
Tx 1.18195 1 1 4 54 
Tx 1.18195 1 1 4 54 
Tx 1.18195 1 1 4 54 
Tx 1.18195 1 1 4 54 
Tx 1.18195 1 1 4 54 
Tx 1.18195 1 1 4 54 
Rx 1.18251 1 1 4 54 562560
Rx 1.18251 1 1 4 54 562560
Rx 1.18251 1 1 4 54 562560
Rx 1.18251 1 1 4 54 562560
Rx 1.18251 1 1 4 54 562560
Rx 1.18251 1 1 4 54 562560
Rx 1.18251 1 1 4 54 562560
Rx 1.18251 1 1 4 54 562560
Rx 1.18251 1 1 4 54 562560
Rx 1.18251 1 1 4 54 562560
Rx 1.18251 1 1 4 54 562560
Rx 1.18251 1 1 4 54 562560
Rx 1.18251 1 1 4 54 562560
Tx 1.18301 1 1 4 54 
Tx 1.18301 1 1 4 182 
Rx 1.18561 1 1 4 54 2600000
Rx 1.18561 1 1 4 182 2600000
Tx 1.18814 1 1 4 54 
Tx 1.18814 1 1 4 54 
Tx 1.18814 1 1 4 54 
Tx 1.18814 1 1 4 54 
Tx 1.18814 1 1 4 54 
Tx 1.18814 1 1 4 54 
Tx 1.18814 1 1 4 54 
Tx 1.18814 1 1 4 54 
Tx 1.18814 1 1 4 54 
Tx 1.18814 1 1 4 54 
Tx 1.18814 1 1 4 54 
Tx 1.18814 1 1 4 54 
Rx 1.18871 1 1 4 54 566720
Rx 1.18871 1 1 4 54 566720
Rx 1.18871 1 1 4 54 566720
Rx 1.18871 1 1 4 54 566720
Rx 1.18871 1 1 4 54 566720
Rx 1.18871 1 1 4 54 566720
Rx 1.18871 1 1 4 54 566720
Rx 1.18871 1 1 4 54 566720
Rx 1.18871 1 1 4 54 566720
Rx 1.18871 1 1 4 54 566720
Rx 1.18871 1 1 4 54 566720
Rx 1.18871 1 1 4 54 566720
Tx 1.18921 1 1 4 182 
Rx 1.19181 1 1 4 182 2600000
Tx 1.19434 1 1 4 54 
Tx 1.19434 1 1 4 54 
Tx 1.19434 1 1 4 54 
Tx 1.19434 1 1 4 54 
Tx 1.19434 1 1 4 54 
Tx 1.19434 1 1 4 54 
Tx 1.19434 1 1 4 54 
Tx 1.19434 1 1 4 54 
Tx 1.19434 1 1 4 54 
Tx 1.19434 1 1 4 54 
Tx 1.19434 1 1 4 54 
Tx 1.19434 1 1 4 54 
Rx 1.19491 1 1 4 54 566720
Rx 1.19491 1 1 4 54 566720
Rx 1.19491 1 1 4 54 566720
Rx 1.19491 1 1 4 54 566720
Rx 1.19491 1 1 4 54 566720
Rx 1.19491 1 1 4 54 566720
Rx 1.19491 1 1 4 54 566720
Rx 1.19491 1 1 4 54 566720
Rx 1.19491 1 1 4 54 566720
Rx 1.19491 1 1 4 54 566720
Rx 1.19491 1 1 4 54 566720
Rx 1.19491 1 1 4 54 566720
Tx 1.19541 1 1 4 54 
Tx 1.19541 1 1 4 182 
Rx 1.19801 1 1 4 54 2600000
Rx 1.19801 1 1 4 182 2600000
Tx 1.20054 1 1 4 54 
Tx 1.20054 1 1 4 54 
Tx 1.20054 1 1 4 54 
Tx 1.20054 1 1 4 54 
Tx 1.20054 1 1 4 54 
Tx 1.20054 1 1 4 54 
Tx 1.20054 1 1 4 54 
Tx 1.20054 1 1 4 54 
Tx 1.20054 1 1 4 54 
Tx 1.20054 1 1 4 54 
Tx 1.20054 1 1 4 54 
Tx 1.20054 1 1 4 54 
Tx 1.20054 1 1 4 54 
Rx 1.20111 1 1 4 54 566720
Rx 1.20111 1 1 4 54 566720
Rx 1.20111 1 1 4 54 566720
Rx 1.20111 1 1 4 54 566720
Rx 1.20111 1 1 4 54 566720
Rx 1.20111 1 1 4 54 566720
Rx 1.20111 1 1 4 54 566720
Rx 1.20111 1 1 4 54 566720
Rx 1.20111 1 1 4 54 566720
Rx 1.20111 1 1 4 54 566720
Rx 1.20111 1 1 4 54 566720
Rx 1.20111 1 1 4 54 566720
Rx 1.20111 1 1 4 54 566720
Tx 1.20161 1 1 4 182 
Rx 1.20421 1 1 4 182 2600000
Tx 1.20674 1 1 4 54 
Tx 1.20674 1 1 4 54 
Tx 1.20674 1 1 4 54 
Tx 1.20674 1 1 4 54 
Tx 1.20674 1 1 4 54 
Tx 1.20674 1 1 4 54 
Tx 1.20674 1 1 4 54 
Tx 1.20674 1 1 4 54 
Tx 1.20674 1 1 4 54 
Tx 1.20674 1 1 4 54 
Tx 1.20674 1 1 4 54 
Tx 1.20674 1 1 4 54 
Rx 1.20731 1 1 4 54 566720
Rx 1.20731 1 1 4 54 566720
Rx 1.20731 1 1 4 54 566720
Rx 1.20731 1 1 4 54 566720
Rx 1.20731 1 1 4 54 566720
Rx 1.20731 1 1 4 54 566720
Rx 1.20731 1 1 4 54 566720
Rx 1.20731 1 1 4 54 566720
Rx 1.20731 1 1 4 54 566720
Rx 1.20731 1 1 4 54 566720
Rx 1.20731 1 1 4 54 566720
Rx 1.20731 1 1 4 54 566720
Tx 1.20781 1 1 4 54 
Tx 1.20781 1 1 4 182 
Rx 1.21041 1 1 4 54 2600000
Rx 1.21041 1 1 4 182 2600000
Tx 1.21294 1 1 4 54 
Tx 1.21294 1 1 4 54 
Tx 1.21294 1 1 4 54 
Tx 1.21294 1 1 4 54 
Tx 1.21294 1 1 4 54 
Tx 1.21294 1 1 4 54 
Tx 1.21294 1 1 4 54 
Tx 1.21294 1 1 4 54 
Tx 1.21294 1 1 4 54 
Tx 1.21294 1 1 4 54 
Tx 1.21294 1 1 4 54 
Tx 1.21294 1 1 4 54 
Tx 1.21294 1 1 4 54 
Rx 1.21351 1 1 4 54 566720
Rx 1.21351 1 1 4 54 566720
Rx 1.21351 1 1 4 54 566720
Rx 1.21351 1 1 4 54 566720
Rx 1.21351 1 1 4 54 566720
Rx 1.21351 1 1 4 54 566720
Rx 1.21351 1 1 4 54 566720
Rx 1.21351 1 1 4 54 566720
Rx 1.21351 1 1 4 54 566720
Rx 1.21351 1 1 4 54 566720
Rx 1.21351 1 1 4 54 566720
Rx 1.21351 1 1 4 54 566720
Rx 1.21351 1 1 4 54 566720
Tx 1.21401 1 1 4 182 
Rx 1.21661 1 1 4 182 2600000
Tx 1.21914 1 1 4 54 
Tx 1.21914 1 1 4 54 
Tx 1.21914 1 1 4 54 
Tx 1.21914 1 1 4 54 
Tx 1.21914 1 1 4 54 
Tx 1.21914 1 1 4 54 
Tx 1.21914 1 1 4 54 
Tx 1.21914 1 1 4 54 
Tx 1.21914 1 1 4 54 
Tx 1.21914 1 1 4 54 
Tx 1.21914 1 1 4 54 
Tx 1.21914 1 1 4 54 
Tx 1.21914 1 1 4 54 
Rx 1.21971 1 1 4 54 566720
Rx 1.21971 1 1 4 54 566720
Rx 1.21971 1 1 4 54 566720
Rx 1.21971 1 1 4 54 566720
Rx 1.21971 1 1 4 54 566720
Rx 1.21971 1 1 4 54 566720
Rx 1.21971 1 1 4 54 566720
Rx 1.21971 1 1 4 54 566720
Rx 1.21971 1 1 4 54 566720
Rx 1.21971 1 1 4 54 566720
Rx 1.21971 1 1 4 54 566720
Rx 1.21971 1 1 4 54 566720
Rx 1.21971 1 1 4 54 566720
Tx 1.22021 1 1 4 182 
Rx 1.22281 1 1 4 182 2600000
