Rx 0.00390832 1 1 1 8 304160
Rx 0.00391248 1 2 1 8 308320
Tx 0.0236042 1 1 1 2 
Tx 0.0236042 1 1 1 7 
Tx 0.0236042 1 2 1 2 
Tx 0.0236042 1 2 1 7 
Rx 0.0239083 1 1 1 2 0
Rx 0.0239083 1 1 1 7 304160
Rx 0.0239125 1 2 1 2 0
Rx 0.0239125 1 2 1 7 308320
Tx 0.0247042 1 1 1 2 
Tx 0.0247042 1 2 1 2 
Rx 0.0250083 1 1 1 2 0
Rx 0.0250125 1 2 1 2 0
Tx 0.0267042 1 1 1 7 
Tx 0.0267042 1 2 1 7 
Rx 0.0270083 1 1 1 7 304160
Rx 0.0270125 1 2 1 7 308320
Tx 0.300204 1 1 4 62 
Rx 0.300512 1 1 4 62 308320
Tx 0.303304 1 1 4 2 
Tx 0.303304 1 1 4 242 
Rx 0.303608 1 1 4 2 0
Rx 0.303608 1 1 4 242 304160
Tx 0.306404 1 1 4 2 
Rx 0.306708 1 1 4 2 0
Tx 0.506404 1 1 4 58 
Rx 0.506712 1 1 4 58 308320
Tx 0.509504 1 1 4 2 
Tx 0.509504 1 1 4 58 
Rx 0.509808 1 1 4 2 0
Rx 0.509808 1 1 4 58 304160
Tx 0.512604 1 1 4 2 
Tx 0.512604 1 1 4 58 
Rx 0.512908 1 1 4 2 0
Rx 0.512908 1 1 4 58 304160
Tx 0.515704 1 1 4 2 
Tx 0.515704 1 1 4 114 
Rx 0.516008 1 1 4 2 0
Rx 0.516008 1 1 4 114 304160
Tx 0.518804 1 1 4 2 
Tx 0.518804 1 1 4 169 
Rx 0.519108 1 1 4 2 0
Rx 0.519108 1 1 4 169 304160
Tx 0.521904 1 1 4 2 
Tx 0.521904 1 1 4 225 
Rx 0.522208 1 1 4 2 0
Rx 0.522208 1 1 4 225 304160
Tx 0.525004 1 1 4 2 
Tx 0.525004 1 1 4 242 
Rx 0.525308 1 1 4 2 0
Rx 0.525308 1 1 4 242 304160
Tx 0.528104 1 1 4 2 
Tx 0.528104 1 1 4 336 
Rx 0.528408 1 1 4 2 0
Rx 0.528408 1 1 4 336 304160
Tx 0.529204 1 1 4 2 
Rx 0.529508 1 1 4 2 0
Tx 0.531204 1 1 4 2 
Tx 0.531204 1 1 4 336 
Rx 0.531508 1 1 4 2 0
Rx 0.531508 1 1 4 336 304160
Tx 0.532304 1 1 4 2 
Rx 0.532608 1 1 4 2 0
Tx 0.534304 1 1 4 186 
Rx 0.534608 1 1 4 186 304160
Tx 0.537404 1 1 4 2 
Tx 0.537404 1 1 4 724 
Rx 0.537708 1 1 4 2 0
Rx 0.537708 1 1 4 724 304160
Tx 0.538504 1 1 4 2 
Rx 0.538808 1 1 4 2 0
Tx 0.540504 1 1 4 186 
Rx 0.540808 1 1 4 186 304160
Tx 0.543604 1 1 4 2 
Tx 0.543604 1 1 4 669 
Rx 0.543908 1 1 4 2 0
Rx 0.543908 1 1 4 669 304160
Tx 0.544704 1 1 4 2 
Rx 0.545008 1 1 4 2 0
Tx 0.546704 1 1 4 186 
Rx 0.547008 1 1 4 186 304160
Tx 0.549804 1 1 4 2 
Tx 0.549804 1 1 4 724 
Rx 0.550108 1 1 4 2 0
Rx 0.550108 1 1 4 724 304160
Tx 0.550904 1 1 4 2 
Rx 0.551208 1 1 4 2 0
Tx 0.552904 1 1 4 242 
Rx 0.553208 1 1 4 242 304160
Tx 0.556004 1 1 4 2 
Tx 0.556004 1 1 4 724 
Rx 0.556308 1 1 4 2 0
Rx 0.556308 1 1 4 724 304160
Tx 0.557104 1 1 4 2 
Rx 0.557408 1 1 4 2 0
Tx 0.559104 1 1 4 186 
Rx 0.559408 1 1 4 186 304160
Tx 0.562204 1 1 4 2 
Tx 0.562204 1 1 4 669 
Rx 0.562508 1 1 4 2 0
Rx 0.562508 1 1 4 669 304160
Tx 0.563304 1 1 4 2 
Rx 0.563608 1 1 4 2 0
Tx 0.565304 1 1 4 186 
Rx 0.565608 1 1 4 186 304160
Tx 0.568404 1 1 4 2 
Tx 0.568404 1 1 4 724 
Rx 0.568708 1 1 4 2 0
Rx 0.568708 1 1 4 724 304160
Tx 0.569504 1 1 4 2 
Rx 0.569808 1 1 4 2 0
Tx 0.571504 1 1 4 186 
Rx 0.571808 1 1 4 186 304160
Tx 0.574604 1 1 4 2 
Tx 0.574604 1 1 4 724 
Rx 0.574908 1 1 4 2 0
Rx 0.574908 1 1 4 724 304160
Tx 0.575704 1 1 4 2 
Rx 0.576008 1 1 4 2 0
Tx 0.577704 1 1 4 186 
Rx 0.578008 1 1 4 186 304160
Tx 0.580804 1 1 4 2 
Tx 0.580804 1 1 4 724 
Rx 0.581108 1 1 4 2 0
Rx 0.581108 1 1 4 724 304160
Tx 0.581904 1 1 4 2 
Rx 0.582208 1 1 4 2 0
Tx 0.583904 1 1 4 186 
Rx 0.584208 1 1 4 186 304160
Tx 0.587004 1 1 4 2 
Tx 0.587004 1 1 4 724 
Rx 0.587308 1 1 4 2 0
Rx 0.587308 1 1 4 724 304160
Tx 0.588104 1 1 4 2 
Rx 0.588408 1 1 4 2 0
Tx 0.590104 1 1 4 186 
Rx 0.590408 1 1 4 186 304160
Tx 0.593204 1 1 4 2 
Tx 0.593204 1 1 4 724 
Rx 0.593508 1 1 4 2 0
Rx 0.593508 1 1 4 724 304160
Tx 0.594304 1 1 4 2 
Rx 0.594608 1 1 4 2 0
Tx 0.596304 1 1 4 186 
Rx 0.596608 1 1 4 186 304160
Tx 0.599404 1 1 4 2 
Tx 0.599404 1 1 4 724 
Rx 0.599708 1 1 4 2 0
Rx 0.599708 1 1 4 724 304160
Tx 0.600504 1 1 4 2 
Rx 0.600808 1 1 4 2 0
Tx 0.602504 1 1 4 186 
Rx 0.602808 1 1 4 186 304160
Tx 0.605604 1 1 4 2 
Tx 0.605604 1 1 4 669 
Rx 0.605908 1 1 4 2 0
Rx 0.605908 1 1 4 669 304160
Tx 0.606704 1 1 4 2 
Rx 0.607008 1 1 4 2 0
Tx 0.608704 1 1 4 242 
Rx 0.609008 1 1 4 242 304160
Tx 0.611804 1 1 4 2 
Tx 0.611804 1 1 4 724 
Rx 0.612108 1 1 4 2 0
Rx 0.612108 1 1 4 724 304160
Tx 0.612904 1 1 4 2 
Rx 0.613208 1 1 4 2 0
Tx 0.614904 1 1 4 186 
Rx 0.615208 1 1 4 186 304160
Tx 0.618004 1 1 4 2 
Tx 0.618004 1 1 4 669 
Rx 0.618308 1 1 4 2 0
Rx 0.618308 1 1 4 669 304160
Tx 0.619104 1 1 4 2 
Rx 0.619408 1 1 4 2 0
Tx 0.621104 1 1 4 242 
Rx 0.621408 1 1 4 242 304160
Tx 0.624204 1 1 4 2 
Tx 0.624204 1 1 4 724 
Rx 0.624508 1 1 4 2 0
Rx 0.624508 1 1 4 724 304160
Tx 0.625304 1 1 4 2 
Rx 0.625608 1 1 4 2 0
Tx 0.627304 1 1 4 186 
Rx 0.627608 1 1 4 186 304160
Tx 0.630404 1 1 4 2 
Tx 0.630404 1 1 4 724 
Rx 0.630708 1 1 4 2 0
Rx 0.630708 1 1 4 724 304160
Tx 0.631504 1 1 4 2 
Rx 0.631808 1 1 4 2 0
Tx 0.633504 1 1 4 242 
Rx 0.633808 1 1 4 242 304160
Tx 0.636604 1 1 4 2 
Tx 0.636604 1 1 4 669 
Rx 0.636908 1 1 4 2 0
Rx 0.636908 1 1 4 669 304160
Tx 0.637704 1 1 4 2 
Rx 0.638008 1 1 4 2 0
Tx 0.639704 1 1 4 242 
Rx 0.640008 1 1 4 242 304160
Tx 0.642804 1 1 4 2 
Tx 0.642804 1 1 4 724 
Rx 0.643108 1 1 4 2 0
Rx 0.643108 1 1 4 724 304160
Tx 0.643904 1 1 4 2 
Rx 0.644208 1 1 4 2 0
Tx 0.645904 1 1 4 186 
Rx 0.646208 1 1 4 186 304160
Tx 0.649004 1 1 4 2 
Tx 0.649004 1 1 4 669 
Rx 0.649308 1 1 4 2 0
Rx 0.649308 1 1 4 669 304160
Tx 0.650104 1 1 4 2 
Rx 0.650408 1 1 4 2 0
Tx 0.652104 1 1 4 242 
Rx 0.652408 1 1 4 242 304160
Tx 0.655204 1 1 4 2 
Tx 0.655204 1 1 4 724 
Rx 0.655508 1 1 4 2 0
Rx 0.655508 1 1 4 724 304160
Tx 0.656304 1 1 4 2 
Rx 0.656608 1 1 4 2 0
Tx 0.658304 1 1 4 186 
Rx 0.658608 1 1 4 186 304160
Tx 0.661404 1 1 4 2 
Tx 0.661404 1 1 4 724 
Rx 0.661708 1 1 4 2 0
Rx 0.661708 1 1 4 724 304160
Tx 0.662504 1 1 4 2 
Rx 0.662808 1 1 4 2 0
Tx 0.664504 1 1 4 186 
Rx 0.664808 1 1 4 186 304160
Tx 0.667604 1 1 4 2 
Tx 0.667604 1 1 4 724 
Rx 0.667908 1 1 4 2 0
Rx 0.667908 1 1 4 724 304160
Tx 0.668704 1 1 4 2 
Rx 0.669008 1 1 4 2 0
Tx 0.670704 1 1 4 242 
Rx 0.671008 1 1 4 242 304160
Tx 0.673804 1 1 4 2 
Tx 0.673804 1 1 4 724 
Rx 0.674108 1 1 4 2 0
Rx 0.674108 1 1 4 724 304160
Tx 0.674904 1 1 4 2 
Rx 0.675208 1 1 4 2 0
Tx 0.676904 1 1 4 186 
Rx 0.677208 1 1 4 186 304160
Tx 0.680004 1 1 4 2 
Tx 0.680004 1 1 4 724 
Rx 0.680308 1 1 4 2 0
Rx 0.680308 1 1 4 724 304160
Tx 0.681104 1 1 4 2 
Rx 0.681408 1 1 4 2 0
Tx 0.683104 1 1 4 186 
Rx 0.683408 1 1 4 186 304160
Tx 0.686204 1 1 4 2 
Tx 0.686204 1 1 4 724 
Rx 0.686508 1 1 4 2 0
Rx 0.686508 1 1 4 724 304160
Tx 0.687304 1 1 4 2 
Rx 0.687608 1 1 4 2 0
Tx 0.689304 1 1 4 186 
Rx 0.689608 1 1 4 186 304160
Tx 0.692404 1 1 4 2 
Tx 0.692404 1 1 4 669 
Rx 0.692708 1 1 4 2 0
Rx 0.692708 1 1 4 669 304160
Tx 0.693504 1 1 4 2 
Rx 0.693808 1 1 4 2 0
Tx 0.695504 1 1 4 242 
Rx 0.695808 1 1 4 242 304160
Tx 0.698604 1 1 4 2 
Tx 0.698604 1 1 4 724 
Rx 0.698908 1 1 4 2 0
Rx 0.698908 1 1 4 724 304160
Tx 0.699704 1 1 4 2 
Rx 0.700008 1 1 4 2 0
Tx 0.701704 1 1 4 186 
Rx 0.702008 1 1 4 186 304160
Tx 0.704804 1 1 4 2 
Tx 0.704804 1 1 4 669 
Rx 0.705108 1 1 4 2 0
Rx 0.705108 1 1 4 669 304160
Tx 0.705904 1 1 4 2 
Rx 0.706208 1 1 4 2 0
Tx 0.707904 1 1 4 242 
Rx 0.708208 1 1 4 242 304160
Tx 0.711004 1 1 4 2 
Tx 0.711004 1 1 4 669 
Rx 0.711308 1 1 4 2 0
Rx 0.711308 1 1 4 669 304160
Tx 0.712104 1 1 4 2 
Rx 0.712408 1 1 4 2 0
Tx 0.714104 1 1 4 242 
Rx 0.714408 1 1 4 242 304160
Tx 0.717204 1 1 4 2 
Tx 0.717204 1 1 4 724 
Rx 0.717508 1 1 4 2 0
Rx 0.717508 1 1 4 724 304160
Tx 0.718304 1 1 4 2 
Rx 0.718608 1 1 4 2 0
Tx 0.720304 1 1 4 186 
Rx 0.720608 1 1 4 186 304160
Tx 0.723404 1 1 4 2 
Tx 0.723404 1 1 4 724 
Rx 0.723708 1 1 4 2 0
Rx 0.723708 1 1 4 724 304160
Tx 0.724504 1 1 4 2 
Rx 0.724808 1 1 4 2 0
Tx 0.726504 1 1 4 186 
Rx 0.726808 1 1 4 186 304160
Tx 0.729604 1 1 4 2 
Tx 0.729604 1 1 4 724 
Rx 0.729908 1 1 4 2 0
Rx 0.729908 1 1 4 724 304160
Tx 0.730704 1 1 4 2 
Rx 0.731008 1 1 4 2 0
Tx 0.732704 1 1 4 186 
Rx 0.733008 1 1 4 186 304160
Tx 0.735804 1 1 4 2 
Tx 0.735804 1 1 4 724 
Rx 0.736108 1 1 4 2 0
Rx 0.736108 1 1 4 724 304160
Tx 0.736904 1 1 4 2 
Rx 0.737208 1 1 4 2 0
Tx 0.738904 1 1 4 186 
Rx 0.739208 1 1 4 186 304160
Tx 0.742004 1 1 4 2 
Tx 0.742004 1 1 4 724 
Rx 0.742308 1 1 4 2 0
Rx 0.742308 1 1 4 724 304160
Tx 0.743104 1 1 4 2 
Rx 0.743408 1 1 4 2 0
Tx 0.745104 1 1 4 186 
Rx 0.745408 1 1 4 186 304160
Tx 0.748204 1 1 4 2 
Tx 0.748204 1 1 4 724 
Rx 0.748508 1 1 4 2 0
Rx 0.748508 1 1 4 724 304160
Tx 0.749304 1 1 4 2 
Rx 0.749608 1 1 4 2 0
Tx 0.751304 1 1 4 186 
Rx 0.751608 1 1 4 186 304160
Tx 0.754404 1 1 4 2 
Tx 0.754404 1 1 4 724 
Rx 0.754708 1 1 4 2 0
Rx 0.754708 1 1 4 724 304160
Tx 0.755504 1 1 4 2 
Rx 0.755808 1 1 4 2 0
Tx 0.757504 1 1 4 186 
Rx 0.757808 1 1 4 186 304160
Tx 0.760604 1 1 4 2 
Tx 0.760604 1 1 4 780 
Rx 0.760908 1 1 4 2 0
Rx 0.760908 1 1 4 780 304160
Tx 0.761704 1 1 4 2 
Rx 0.762008 1 1 4 2 0
Tx 0.763704 1 1 4 186 
Rx 0.764008 1 1 4 186 304160
Tx 0.766804 1 1 4 2 
Tx 0.766804 1 1 4 724 
Rx 0.767108 1 1 4 2 0
Rx 0.767108 1 1 4 724 304160
Tx 0.767904 1 1 4 2 
Rx 0.768208 1 1 4 2 0
Tx 0.769904 1 1 4 186 
Rx 0.770208 1 1 4 186 304160
Tx 0.773004 1 1 4 2 
Tx 0.773004 1 1 4 724 
Rx 0.773308 1 1 4 2 0
Rx 0.773308 1 1 4 724 304160
Tx 0.774104 1 1 4 2 
Rx 0.774408 1 1 4 2 0
Tx 0.776104 1 1 4 186 
Rx 0.776408 1 1 4 186 304160
Tx 0.779204 1 1 4 2 
Tx 0.779204 1 1 4 724 
Rx 0.779508 1 1 4 2 0
Rx 0.779508 1 1 4 724 304160
Tx 0.780304 1 1 4 2 
Rx 0.780608 1 1 4 2 0
Tx 0.782304 1 1 4 186 
Rx 0.782608 1 1 4 186 304160
Tx 0.785404 1 1 4 2 
Tx 0.785404 1 1 4 669 
Rx 0.785708 1 1 4 2 0
Rx 0.785708 1 1 4 669 304160
Tx 0.786504 1 1 4 2 
Rx 0.786808 1 1 4 2 0
Tx 0.788504 1 1 4 242 
Rx 0.788808 1 1 4 242 304160
Tx 0.791604 1 1 4 2 
Tx 0.791604 1 1 4 724 
Rx 0.791908 1 1 4 2 0
Rx 0.791908 1 1 4 724 304160
Tx 0.792704 1 1 4 2 
Rx 0.793008 1 1 4 2 0
Tx 0.794704 1 1 4 242 
Rx 0.795008 1 1 4 242 304160
Tx 0.797804 1 1 4 2 
Tx 0.797804 1 1 4 669 
Rx 0.798108 1 1 4 2 0
Rx 0.798108 1 1 4 669 304160
Tx 0.798904 1 1 4 2 
Rx 0.799208 1 1 4 2 0
Tx 0.800904 1 1 4 242 
Rx 0.801208 1 1 4 242 304160
Tx 0.804004 1 1 4 2 
Tx 0.804004 1 1 4 669 
Rx 0.804308 1 1 4 2 0
Rx 0.804308 1 1 4 669 304160
Tx 0.805104 1 1 4 2 
Rx 0.805408 1 1 4 2 0
Tx 0.807104 1 1 4 242 
Rx 0.807408 1 1 4 242 304160
Tx 0.810204 1 1 4 2 
Tx 0.810204 1 1 4 780 
Rx 0.810508 1 1 4 2 0
Rx 0.810508 1 1 4 780 304160
Tx 0.811304 1 1 4 2 
Rx 0.811608 1 1 4 2 0
Tx 0.813304 1 1 4 186 
Rx 0.813608 1 1 4 186 304160
Tx 0.816404 1 1 4 2 
Tx 0.816404 1 1 4 724 
Rx 0.816708 1 1 4 2 0
Rx 0.816708 1 1 4 724 304160
Tx 0.817504 1 1 4 2 
Rx 0.817808 1 1 4 2 0
Tx 0.819504 1 1 4 186 
Rx 0.819808 1 1 4 186 304160
Tx 0.822604 1 1 4 2 
Tx 0.822604 1 1 4 724 
Rx 0.822908 1 1 4 2 0
Rx 0.822908 1 1 4 724 304160
Tx 0.823704 1 1 4 2 
Rx 0.824008 1 1 4 2 0
Tx 0.825704 1 1 4 186 
Rx 0.826008 1 1 4 186 304160
Tx 0.828804 1 1 4 2 
Tx 0.828804 1 1 4 669 
Rx 0.829108 1 1 4 2 0
Rx 0.829108 1 1 4 669 304160
Tx 0.829904 1 1 4 2 
Rx 0.830208 1 1 4 2 0
Tx 0.831904 1 1 4 242 
Rx 0.832208 1 1 4 242 304160
Tx 0.835004 1 1 4 2 
Tx 0.835004 1 1 4 669 
Rx 0.835308 1 1 4 2 0
Rx 0.835308 1 1 4 669 304160
Tx 0.836104 1 1 4 2 
Rx 0.836408 1 1 4 2 0
Tx 0.838104 1 1 4 242 
Rx 0.838408 1 1 4 242 304160
Tx 0.841204 1 1 4 2 
Tx 0.841204 1 1 4 724 
Rx 0.841508 1 1 4 2 0
Rx 0.841508 1 1 4 724 304160
Tx 0.842304 1 1 4 2 
Rx 0.842608 1 1 4 2 0
Tx 0.844304 1 1 4 242 
Rx 0.844608 1 1 4 242 304160
Tx 0.847404 1 1 4 2 
Tx 0.847404 1 1 4 724 
Rx 0.847708 1 1 4 2 0
Rx 0.847708 1 1 4 724 304160
Tx 0.848504 1 1 4 2 
Rx 0.848808 1 1 4 2 0
Tx 0.850504 1 1 4 242 
Rx 0.850808 1 1 4 242 304160
Tx 0.853604 1 1 4 2 
Tx 0.853604 1 1 4 669 
Rx 0.853908 1 1 4 2 0
Rx 0.853908 1 1 4 669 304160
Tx 0.854704 1 1 4 2 
Rx 0.855008 1 1 4 2 0
Tx 0.856704 1 1 4 186 
Rx 0.857008 1 1 4 186 304160
Tx 0.859804 1 1 4 2 
Tx 0.859804 1 1 4 724 
Rx 0.860108 1 1 4 2 0
Rx 0.860108 1 1 4 724 304160
Tx 0.860904 1 1 4 2 
Rx 0.861208 1 1 4 2 0
Tx 0.862904 1 1 4 186 
Rx 0.863208 1 1 4 186 304160
Tx 0.866004 1 1 4 2 
Tx 0.866004 1 1 4 724 
Rx 0.866308 1 1 4 2 0
Rx 0.866308 1 1 4 724 304160
Tx 0.867104 1 1 4 2 
Rx 0.867408 1 1 4 2 0
Tx 0.869104 1 1 4 186 
Rx 0.869408 1 1 4 186 304160
Tx 0.872204 1 1 4 2 
Tx 0.872204 1 1 4 669 
Rx 0.872508 1 1 4 2 0
Rx 0.872508 1 1 4 669 304160
Tx 0.873304 1 1 4 2 
Rx 0.873608 1 1 4 2 0
Tx 0.875304 1 1 4 242 
Rx 0.875608 1 1 4 242 304160
Tx 0.878404 1 1 4 2 
Tx 0.878404 1 1 4 724 
Rx 0.878708 1 1 4 2 0
Rx 0.878708 1 1 4 724 304160
Tx 0.879504 1 1 4 2 
Rx 0.879808 1 1 4 2 0
Tx 0.881504 1 1 4 242 
Rx 0.881808 1 1 4 242 304160
Tx 0.884604 1 1 4 2 
Tx 0.884604 1 1 4 669 
Rx 0.884908 1 1 4 2 0
Rx 0.884908 1 1 4 669 304160
Tx 0.885704 1 1 4 2 
Rx 0.886008 1 1 4 2 0
Tx 0.887704 1 1 4 242 
Rx 0.888008 1 1 4 242 304160
Tx 0.890804 1 1 4 2 
Tx 0.890804 1 1 4 724 
Rx 0.891108 1 1 4 2 0
Rx 0.891108 1 1 4 724 304160
Tx 0.891904 1 1 4 2 
Rx 0.892208 1 1 4 2 0
Tx 0.893904 1 1 4 186 
Rx 0.894208 1 1 4 186 304160
Tx 0.897004 1 1 4 2 
Tx 0.897004 1 1 4 724 
Rx 0.897308 1 1 4 2 0
Rx 0.897308 1 1 4 724 304160
Tx 0.898104 1 1 4 2 
Rx 0.898408 1 1 4 2 0
Tx 0.900104 1 1 4 242 
Rx 0.900408 1 1 4 242 304160
Tx 0.903204 1 1 4 2 
Tx 0.903204 1 1 4 724 
Rx 0.903508 1 1 4 2 0
Rx 0.903508 1 1 4 724 304160
Tx 0.904304 1 1 4 2 
Rx 0.904608 1 1 4 2 0
Tx 0.906304 1 1 4 186 
Rx 0.906608 1 1 4 186 304160
Tx 0.909404 1 1 4 2 
Tx 0.909404 1 1 4 669 
Rx 0.909708 1 1 4 2 0
Rx 0.909708 1 1 4 669 304160
Tx 0.910504 1 1 4 2 
Rx 0.910808 1 1 4 2 0
Tx 0.912504 1 1 4 242 
Rx 0.912808 1 1 4 242 304160
Tx 0.915604 1 1 4 2 
Tx 0.915604 1 1 4 724 
Rx 0.915908 1 1 4 2 0
Rx 0.915908 1 1 4 724 304160
Tx 0.916704 1 1 4 2 
Rx 0.917008 1 1 4 2 0
Tx 0.918704 1 1 4 186 
Rx 0.919008 1 1 4 186 304160
Tx 0.921804 1 1 4 2 
Tx 0.921804 1 1 4 669 
Rx 0.922108 1 1 4 2 0
Rx 0.922108 1 1 4 669 304160
Tx 0.922904 1 1 4 2 
Rx 0.923208 1 1 4 2 0
Tx 0.924904 1 1 4 242 
Rx 0.925208 1 1 4 242 304160
Tx 0.928004 1 1 4 2 
Tx 0.928004 1 1 4 724 
Rx 0.928308 1 1 4 2 0
Rx 0.928308 1 1 4 724 304160
Tx 0.929104 1 1 4 2 
Rx 0.929408 1 1 4 2 0
Tx 0.931104 1 1 4 242 
Rx 0.931408 1 1 4 242 304160
Tx 0.934204 1 1 4 2 
Tx 0.934204 1 1 4 724 
Rx 0.934508 1 1 4 2 0
Rx 0.934508 1 1 4 724 304160
Tx 0.935304 1 1 4 2 
Rx 0.935608 1 1 4 2 0
Tx 0.937304 1 1 4 186 
Rx 0.937608 1 1 4 186 304160
Tx 0.940404 1 1 4 2 
Tx 0.940404 1 1 4 669 
Rx 0.940708 1 1 4 2 0
Rx 0.940708 1 1 4 669 304160
Tx 0.941504 1 1 4 2 
Rx 0.941808 1 1 4 2 0
Tx 0.943504 1 1 4 242 
Rx 0.943808 1 1 4 242 304160
Tx 0.946604 1 1 4 2 
Tx 0.946604 1 1 4 724 
Rx 0.946908 1 1 4 2 0
Rx 0.946908 1 1 4 724 304160
Tx 0.947704 1 1 4 2 
Rx 0.948008 1 1 4 2 0
Tx 0.949704 1 1 4 186 
Rx 0.950008 1 1 4 186 304160
Tx 0.952804 1 1 4 2 
Tx 0.952804 1 1 4 669 
Rx 0.953108 1 1 4 2 0
Rx 0.953108 1 1 4 669 304160
Tx 0.953904 1 1 4 2 
Rx 0.954208 1 1 4 2 0
Tx 0.955904 1 1 4 242 
Rx 0.956208 1 1 4 242 304160
Tx 0.959004 1 1 4 2 
Tx 0.959004 1 1 4 724 
Rx 0.959308 1 1 4 2 0
Rx 0.959308 1 1 4 724 304160
Tx 0.960104 1 1 4 2 
Rx 0.960408 1 1 4 2 0
Tx 0.962104 1 1 4 186 
Rx 0.962408 1 1 4 186 304160
Tx 0.965204 1 1 4 2 
Tx 0.965204 1 1 4 724 
Rx 0.965508 1 1 4 2 0
Rx 0.965508 1 1 4 724 304160
Tx 0.966304 1 1 4 2 
Rx 0.966608 1 1 4 2 0
Tx 0.968304 1 1 4 186 
Rx 0.968608 1 1 4 186 304160
Tx 0.971404 1 1 4 2 
Tx 0.971404 1 1 4 669 
Rx 0.971708 1 1 4 2 0
Rx 0.971708 1 1 4 669 304160
Tx 0.972504 1 1 4 2 
Rx 0.972808 1 1 4 2 0
Tx 0.974504 1 1 4 242 
Rx 0.974808 1 1 4 242 304160
Tx 0.977604 1 1 4 2 
Tx 0.977604 1 1 4 780 
Rx 0.977908 1 1 4 2 0
Rx 0.977908 1 1 4 780 304160
Tx 0.978704 1 1 4 2 
Rx 0.979008 1 1 4 2 0
Tx 0.980704 1 1 4 186 
Rx 0.981008 1 1 4 186 304160
Tx 0.983804 1 1 4 2 
Tx 0.983804 1 1 4 724 
Rx 0.984108 1 1 4 2 0
Rx 0.984108 1 1 4 724 304160
Tx 0.984904 1 1 4 2 
Rx 0.985208 1 1 4 2 0
Tx 0.986904 1 1 4 186 
Rx 0.987208 1 1 4 186 304160
Tx 0.990004 1 1 4 2 
Tx 0.990004 1 1 4 724 
Rx 0.990308 1 1 4 2 0
Rx 0.990308 1 1 4 724 304160
Tx 0.991104 1 1 4 2 
Rx 0.991408 1 1 4 2 0
Tx 0.993104 1 1 4 186 
Rx 0.993408 1 1 4 186 304160
Tx 0.996204 1 1 4 2 
Tx 0.996204 1 1 4 669 
Rx 0.996508 1 1 4 2 0
Rx 0.996508 1 1 4 669 304160
Tx 0.997304 1 1 4 2 
Rx 0.997608 1 1 4 2 0
Tx 0.999304 1 1 4 242 
Rx 0.999608 1 1 4 242 304160
Tx 1.0024 1 1 4 2 
Tx 1.0024 1 1 4 724 
Rx 1.00271 1 1 4 2 0
Rx 1.00271 1 1 4 724 304160
Tx 1.0035 1 1 4 2 
Rx 1.00381 1 1 4 2 0
Tx 1.0055 1 1 4 186 
Rx 1.00581 1 1 4 186 304160
Tx 1.0086 1 1 4 2 
Tx 1.0086 1 1 4 724 
Rx 1.00891 1 1 4 2 0
Rx 1.00891 1 1 4 724 304160
Tx 1.0097 1 1 4 2 
Rx 1.01001 1 1 4 2 0
Tx 1.0117 1 1 4 242 
Rx 1.01201 1 1 4 242 304160
Tx 1.0148 1 1 4 2 
Tx 1.0148 1 1 4 724 
Rx 1.01511 1 1 4 2 0
Rx 1.01511 1 1 4 724 304160
Tx 1.0159 1 1 4 2 
Rx 1.01621 1 1 4 2 0
Tx 1.0179 1 1 4 242 
Rx 1.01821 1 1 4 242 304160
Tx 1.021 1 1 4 2 
Tx 1.021 1 1 4 724 
Rx 1.02131 1 1 4 2 0
Rx 1.02131 1 1 4 724 304160
Tx 1.0221 1 1 4 2 
Rx 1.02241 1 1 4 2 0
Tx 1.0241 1 1 4 186 
Rx 1.02441 1 1 4 186 304160
Tx 1.0272 1 1 4 2 
Tx 1.0272 1 1 4 724 
Rx 1.02751 1 1 4 2 0
Rx 1.02751 1 1 4 724 304160
Tx 1.0283 1 1 4 2 
Rx 1.02861 1 1 4 2 0
Tx 1.0303 1 1 4 186 
Rx 1.03061 1 1 4 186 304160
Tx 1.0334 1 1 4 2 
Tx 1.0334 1 1 4 724 
Rx 1.03371 1 1 4 2 0
Rx 1.03371 1 1 4 724 304160
Tx 1.0345 1 1 4 2 
Rx 1.03481 1 1 4 2 0
Tx 1.0365 1 1 4 242 
Rx 1.03681 1 1 4 242 304160
Tx 1.0396 1 1 4 2 
Tx 1.0396 1 1 4 669 
Rx 1.03991 1 1 4 2 0
Rx 1.03991 1 1 4 669 304160
Tx 1.0407 1 1 4 2 
Rx 1.04101 1 1 4 2 0
Tx 1.0427 1 1 4 242 
Rx 1.04301 1 1 4 242 304160
Tx 1.0458 1 1 4 2 
Tx 1.0458 1 1 4 669 
Rx 1.04611 1 1 4 2 0
Rx 1.04611 1 1 4 669 304160
Tx 1.0469 1 1 4 2 
Rx 1.04721 1 1 4 2 0
Tx 1.0489 1 1 4 242 
Rx 1.04921 1 1 4 242 304160
Tx 1.052 1 1 4 2 
Tx 1.052 1 1 4 724 
Rx 1.05231 1 1 4 2 0
Rx 1.05231 1 1 4 724 304160
Tx 1.0531 1 1 4 2 
Rx 1.05341 1 1 4 2 0
Tx 1.0551 1 1 4 186 
Rx 1.05541 1 1 4 186 304160
Tx 1.0582 1 1 4 2 
Tx 1.0582 1 1 4 724 
Rx 1.05851 1 1 4 2 0
Rx 1.05851 1 1 4 724 304160
Tx 1.0593 1 1 4 2 
Rx 1.05961 1 1 4 2 0
Tx 1.0613 1 1 4 186 
Rx 1.06161 1 1 4 186 304160
Tx 1.0644 1 1 4 2 
Tx 1.0644 1 1 4 669 
Rx 1.06471 1 1 4 2 0
Rx 1.06471 1 1 4 669 304160
Tx 1.0655 1 1 4 2 
Rx 1.06581 1 1 4 2 0
Tx 1.0675 1 1 4 242 
Rx 1.06781 1 1 4 242 304160
Tx 1.0706 1 1 4 2 
Tx 1.0706 1 1 4 669 
Rx 1.07091 1 1 4 2 0
Rx 1.07091 1 1 4 669 304160
Tx 1.0717 1 1 4 2 
Rx 1.07201 1 1 4 2 0
Tx 1.0737 1 1 4 242 
Rx 1.07401 1 1 4 242 304160
Tx 1.0768 1 1 4 2 
Tx 1.0768 1 1 4 724 
Rx 1.07711 1 1 4 2 0
Rx 1.07711 1 1 4 724 304160
Tx 1.0779 1 1 4 2 
Rx 1.07821 1 1 4 2 0
Tx 1.0799 1 1 4 186 
Rx 1.08021 1 1 4 186 304160
Tx 1.083 1 1 4 2 
Tx 1.083 1 1 4 724 
Rx 1.08331 1 1 4 2 0
Rx 1.08331 1 1 4 724 304160
Tx 1.0841 1 1 4 2 
Rx 1.08441 1 1 4 2 0
Tx 1.0861 1 1 4 186 
Rx 1.08641 1 1 4 186 304160
Tx 1.0892 1 1 4 2 
Tx 1.0892 1 1 4 669 
Rx 1.08951 1 1 4 2 0
Rx 1.08951 1 1 4 669 304160
Tx 1.0903 1 1 4 2 
Rx 1.09061 1 1 4 2 0
Tx 1.0923 1 1 4 242 
Rx 1.09261 1 1 4 242 304160
Tx 1.0954 1 1 4 2 
Tx 1.0954 1 1 4 669 
Rx 1.09571 1 1 4 2 0
Rx 1.09571 1 1 4 669 304160
Tx 1.0965 1 1 4 2 
Rx 1.09681 1 1 4 2 0
Tx 1.0985 1 1 4 242 
Rx 1.09881 1 1 4 242 304160
Tx 1.1016 1 1 4 2 
Tx 1.1016 1 1 4 669 
Rx 1.10191 1 1 4 2 0
Rx 1.10191 1 1 4 669 304160
Tx 1.1027 1 1 4 2 
Rx 1.10301 1 1 4 2 0
Tx 1.1047 1 1 4 186 
Rx 1.10501 1 1 4 186 304160
Tx 1.1078 1 1 4 2 
Tx 1.1078 1 1 4 724 
Rx 1.10811 1 1 4 2 0
Rx 1.10811 1 1 4 724 304160
Tx 1.1089 1 1 4 2 
Rx 1.10921 1 1 4 2 0
Tx 1.1109 1 1 4 186 
Rx 1.11121 1 1 4 186 304160
Tx 1.114 1 1 4 2 
Tx 1.114 1 1 4 724 
Rx 1.11431 1 1 4 2 0
Rx 1.11431 1 1 4 724 304160
Tx 1.1151 1 1 4 2 
Rx 1.11541 1 1 4 2 0
Tx 1.1171 1 1 4 186 
Rx 1.11741 1 1 4 186 304160
Tx 1.1202 1 1 4 2 
Tx 1.1202 1 1 4 669 
Rx 1.12051 1 1 4 2 0
Rx 1.12051 1 1 4 669 304160
Tx 1.1213 1 1 4 2 
Rx 1.12161 1 1 4 2 0
Tx 1.1233 1 1 4 242 
Rx 1.12361 1 1 4 242 304160
Tx 1.1264 1 1 4 2 
Tx 1.1264 1 1 4 724 
Rx 1.12671 1 1 4 2 0
Rx 1.12671 1 1 4 724 304160
Tx 1.1275 1 1 4 2 
Rx 1.12781 1 1 4 2 0
Tx 1.1295 1 1 4 186 
Rx 1.12981 1 1 4 186 304160
Tx 1.1326 1 1 4 2 
Tx 1.1326 1 1 4 669 
Rx 1.13291 1 1 4 2 0
Rx 1.13291 1 1 4 669 304160
Tx 1.1337 1 1 4 2 
Rx 1.13401 1 1 4 2 0
Tx 1.1357 1 1 4 242 
Rx 1.13601 1 1 4 242 304160
Tx 1.1388 1 1 4 2 
Tx 1.1388 1 1 4 724 
Rx 1.13911 1 1 4 2 0
Rx 1.13911 1 1 4 724 304160
Tx 1.1399 1 1 4 2 
Rx 1.14021 1 1 4 2 0
Tx 1.1419 1 1 4 186 
Rx 1.14221 1 1 4 186 304160
Tx 1.145 1 1 4 2 
Tx 1.145 1 1 4 724 
Rx 1.14531 1 1 4 2 0
Rx 1.14531 1 1 4 724 304160
Tx 1.1461 1 1 4 2 
Rx 1.14641 1 1 4 2 0
Tx 1.1481 1 1 4 242 
Rx 1.14841 1 1 4 242 304160
Tx 1.1512 1 1 4 2 
Tx 1.1512 1 1 4 724 
Rx 1.15151 1 1 4 2 0
Rx 1.15151 1 1 4 724 304160
Tx 1.1523 1 1 4 2 
Rx 1.15261 1 1 4 2 0
Tx 1.1543 1 1 4 242 
Rx 1.15461 1 1 4 242 304160
Tx 1.1574 1 1 4 2 
Tx 1.1574 1 1 4 669 
Rx 1.15771 1 1 4 2 0
Rx 1.15771 1 1 4 669 304160
Tx 1.1585 1 1 4 2 
Rx 1.15881 1 1 4 2 0
Tx 1.1605 1 1 4 242 
Rx 1.16081 1 1 4 242 304160
Tx 1.1636 1 1 4 2 
Tx 1.1636 1 1 4 724 
Rx 1.16391 1 1 4 2 0
Rx 1.16391 1 1 4 724 304160
Tx 1.1647 1 1 4 2 
Rx 1.16501 1 1 4 2 0
Tx 1.1667 1 1 4 242 
Rx 1.16701 1 1 4 242 304160
Tx 1.1698 1 1 4 2 
Tx 1.1698 1 1 4 724 
Rx 1.17011 1 1 4 2 0
Rx 1.17011 1 1 4 724 304160
Tx 1.1709 1 1 4 2 
Rx 1.17121 1 1 4 2 0
Tx 1.1729 1 1 4 186 
Rx 1.17321 1 1 4 186 304160
Tx 1.176 1 1 4 2 
Tx 1.176 1 1 4 724 
Rx 1.17631 1 1 4 2 0
Rx 1.17631 1 1 4 724 304160
Tx 1.1771 1 1 4 2 
Rx 1.17741 1 1 4 2 0
Tx 1.1791 1 1 4 186 
Rx 1.17941 1 1 4 186 304160
Tx 1.1822 1 1 4 2 
Tx 1.1822 1 1 4 724 
Rx 1.18251 1 1 4 2 0
Rx 1.18251 1 1 4 724 304160
Tx 1.1833 1 1 4 2 
Rx 1.18361 1 1 4 2 0
Tx 1.1853 1 1 4 242 
Rx 1.18561 1 1 4 242 304160
Tx 1.1884 1 1 4 2 
Tx 1.1884 1 1 4 669 
Rx 1.18871 1 1 4 2 0
Rx 1.18871 1 1 4 669 304160
Tx 1.1895 1 1 4 2 
Rx 1.18981 1 1 4 2 0
Tx 1.1915 1 1 4 186 
Rx 1.19181 1 1 4 186 304160
Tx 1.1946 1 1 4 2 
Tx 1.1946 1 1 4 669 
Rx 1.19491 1 1 4 2 0
Rx 1.19491 1 1 4 669 304160
Tx 1.1957 1 1 4 2 
Rx 1.19601 1 1 4 2 0
Tx 1.1977 1 1 4 242 
Rx 1.19801 1 1 4 242 304160
Tx 1.2008 1 1 4 2 
Tx 1.2008 1 1 4 724 
Rx 1.20111 1 1 4 2 0
Rx 1.20111 1 1 4 724 304160
Tx 1.2019 1 1 4 2 
Rx 1.20221 1 1 4 2 0
Tx 1.2039 1 1 4 186 
Rx 1.20421 1 1 4 186 304160
Tx 1.207 1 1 4 2 
Tx 1.207 1 1 4 669 
Rx 1.20731 1 1 4 2 0
Rx 1.20731 1 1 4 669 304160
Tx 1.2081 1 1 4 2 
Rx 1.20841 1 1 4 2 0
Tx 1.2101 1 1 4 242 
Rx 1.21041 1 1 4 242 304160
Tx 1.2132 1 1 4 2 
Tx 1.2132 1 1 4 724 
Rx 1.21351 1 1 4 2 0
Rx 1.21351 1 1 4 724 304160
Tx 1.2143 1 1 4 2 
Rx 1.21461 1 1 4 2 0
Tx 1.2163 1 1 4 186 
Rx 1.21661 1 1 4 186 304160
Tx 1.2194 1 1 4 2 
Tx 1.2194 1 1 4 724 
Rx 1.21971 1 1 4 2 0
Rx 1.21971 1 1 4 724 304160
Tx 1.2205 1 1 4 2 
Rx 1.22081 1 1 4 2 0
Tx 1.2225 1 1 4 186 
Rx 1.22281 1 1 4 186 304160
