Rx 0.00402912 1 2 1 8 324960
Tx 0.00480416 1 2 1 2 
Tx 0.00480416 1 2 1 7 
Rx 0.00510832 1 2 1 2 0
Rx 0.00510832 1 2 1 7 304160
Tx 0.0236042 1 2 1 2 
Tx 0.0236042 1 2 1 7 
Rx 0.0239291 1 2 1 2 0
Rx 0.0239291 1 2 1 7 324960
Tx 0.0247042 1 2 1 2 
Rx 0.0250083 1 2 1 2 0
Tx 0.0267042 1 2 1 7 
Rx 0.0270083 1 2 1 7 304160
Rx 0.104529 1 22 1 8 324960
Rx 0.104554 1 23 1 8 349920
Tx 0.105304 1 22 1 2 
Tx 0.105304 1 22 1 7 
Rx 0.105617 1 22 1 2 0
Rx 0.105617 1 22 1 7 312480
Rx 0.106808 1 23 1 8 0
Rx 0.109108 1 23 1 8 0
Rx 0.111412 1 23 1 8 0
Rx 0.113712 1 23 1 8 0
Tx 0.114904 1 23 1 2 
Tx 0.114904 1 23 1 7 
Rx 0.115212 1 23 1 2 0
Rx 0.115212 1 23 1 7 308320
Tx 0.124104 1 22 1 2 
Tx 0.124104 1 22 1 7 
Tx 0.124104 1 23 1 2 
Tx 0.124104 1 23 1 7 
Rx 0.124437 1 22 1 2 0
Rx 0.124437 1 22 1 7 333280
Rx 0.124712 1 23 1 2 0
Rx 0.124712 1 23 1 7 608320
Tx 0.125204 1 22 1 2 
Tx 0.125504 1 23 1 2 
Tx 0.125504 1 23 1 7 
Rx 0.125517 1 22 1 2 0
Rx 0.125817 1 23 1 2 0
Rx 0.125817 1 23 1 7 312480
Tx 0.127204 1 22 1 7 
Rx 0.127517 1 22 1 7 312480
