	time	frame	subF	1stSym	symbol#	cellId	rnti	ccId	tbSize	mcs	rv	SINR(dB)	corrupt	TBler
DL	0.00311248	3	1	1	2	1	1	0	48	0	0	-26.993	 	1	1
DL	0.0031208	3	1	3	2	1	2	0	48	0	0	1.5187	 	0	0
DL	0.00312496	3	1	5	1	1	3	0	22	0	0	0.840784	 	0	0
DL	0.00312912	3	1	6	1	1	4	0	22	0	0	1.647	 	0	0
DL	0.00313328	3	1	7	1	1	5	0	22	0	0	34.5541	 	0	0
DL	0.00313744	3	1	8	1	1	6	0	22	0	0	2.86392	 	0	0
DL	0.0031416	3	1	9	1	1	7	0	22	0	0	-10.2521	 	1	0.999997
DL	0.00314576	3	1	10	1	1	8	0	22	0	0	3.21279	 	0	0
DL	0.00314992	3	1	11	1	1	9	0	22	0	0	-4.9692	 	0	0.000525511
DL	0.00315408	3	1	12	1	1	10	0	22	0	0	-1.16434	 	0	0
DL	0.00315824	3	1	13	1	1	11	0	22	0	0	3.53771	 	0	0
DL	0.0031624	3	1	14	1	1	12	0	22	0	0	32.8109	 	0	0
DL	0.00316656	3	1	15	1	1	13	0	22	0	0	11.374	 	0	0
DL	0.00317072	3	1	16	1	1	14	0	22	0	0	3.36026	 	0	0
DL	0.00317488	3	1	17	1	1	15	0	22	0	0	2.95805	 	0	0
DL	0.00317904	3	1	18	1	1	16	0	22	0	0	1.06253	 	0	0
DL	0.0031832	3	1	19	1	1	17	0	22	0	0	17.8711	 	0	0
DL	0.00318736	3	1	20	1	1	18	0	22	0	0	0.766755	 	0	0
DL	0.00319152	3	1	21	1	1	19	0	22	0	0	-11.6349	 	1	1
DL	0.00319568	3	1	22	1	1	20	0	22	0	0	18.3398	 	0	0
DL	0.00361248	3	6	1	2	1	1	0	48	0	1	-26.9904	 	1	1
DL	0.00361664	3	6	3	1	1	7	0	22	0	1	-9.40572	 	1	0.529389
DL	0.0036208	3	6	4	1	1	19	0	22	0	1	-11.6435	 	1	0.994614
UL	0.00371248	3	7	1	2	1	2	0	48	0	0	1.76089 	0	0
UL	0.0037208	3	7	3	2	1	3	0	48	0	0	0.851412 	0	0
UL	0.00372912	3	7	5	2	1	4	0	48	0	0	0.224389 	0	0
UL	0.00373744	3	7	7	2	1	5	0	48	0	0	34.5679 	0	0
UL	0.00374576	3	7	9	2	1	6	0	48	0	0	3.51994 	0	0
UL	0.00374992	3	7	11	1	1	8	0	22	0	0	3.35187 	0	0
UL	0.00375408	3	7	12	1	1	9	0	22	0	0	-4.51462 	0	2.3506e-06
UL	0.00375824	3	7	13	1	1	10	0	22	0	0	-1.07281 	0	0
UL	0.0037624	3	7	14	1	1	11	0	22	0	0	3.53672 	0	0
UL	0.00376656	3	7	15	1	1	12	0	22	0	0	32.8067 	0	0
UL	0.00377072	3	7	16	1	1	13	0	22	0	0	11.3038 	0	0
UL	0.00377488	3	7	17	1	1	14	0	22	0	0	3.27125 	0	0
UL	0.00377904	3	7	18	1	1	15	0	22	0	0	2.82732 	0	0
UL	0.0037832	3	7	19	1	1	16	0	22	0	0	2.16482 	0	0
UL	0.00378736	3	7	20	1	1	17	0	22	0	0	17.6456 	0	0
UL	0.00379152	3	7	21	1	1	18	0	22	0	0	0.765535 	0	0
UL	0.00379568	3	7	22	1	1	20	0	22	0	0	18.2646 	0	0
DL	0.00411248	4	1	1	2	1	1	0	48	0	2	-26.988	 	1	1
DL	0.00411664	4	1	3	1	1	7	0	22	0	2	-8.54891	 	0	7.29967e-07
DL	0.0041208	4	1	4	1	1	19	0	22	0	2	-11.6446	 	0	0.338469
DL	0.00420832	4	2	1	1	1	2	0	94	6	0	1.55321	 	0	1.84392e-10
DL	0.00421248	4	2	2	1	1	3	0	94	6	0	1.03145	 	0	4.76137e-10
DL	0.00421664	4	2	3	1	1	4	0	94	6	0	1.86398	 	0	6.10623e-16
DL	0.0042208	4	2	4	1	1	5	0	885	28	0	34.5706	 	0	1.14131e-13
DL	0.00422496	4	2	5	1	1	6	0	139	8	0	2.72849	 	0	1.57346e-05
DL	0.00422912	4	2	6	1	1	8	0	139	8	0	3.25741	 	0	7.60757e-09
DL	0.00423328	4	2	7	1	1	10	0	58	4	0	-1.17657	 	0	0.000119465
DL	0.00423744	4	2	8	1	1	11	0	139	8	0	3.53424	 	0	0
DL	0.0042416	4	2	9	1	1	12	0	885	28	0	32.8099	 	0	1.14131e-13
DL	0.00424576	4	2	10	1	1	13	0	385	16	0	11.4217	 	0	3.33067e-16
DL	0.00424992	4	2	11	1	1	14	0	139	8	0	3.38556	 	0	3.59157e-14
DL	0.00425408	4	2	12	1	1	15	0	139	8	0	2.96038	 	0	1.39792e-08
DL	0.00425824	4	2	13	1	1	16	0	94	6	0	0.834018	 	0	0.00042619
DL	0.0042624	4	2	14	1	1	17	0	628	22	0	17.9885	 	0	0
DL	0.00426656	4	2	15	1	1	18	0	94	6	0	0.840044	 	0	0.00125458
DL	0.00427072	4	2	16	1	1	20	0	726	24	0	17.775	 	0	0.000625055
DL	0.00461248	4	6	1	2	1	1	0	48	0	3	-26.9859	 	1	0.999996
UL	0.00471248	4	7	1	2	1	7	0	48	0	0	-10.614 	1	1
UL	0.0047208	4	7	3	2	1	19	0	48	0	0	-11.6102 	1	1
UL	0.00501248	5	0	1	2	1	7	0	48	0	1	-10.4323 	1	0.814376
UL	0.0050208	5	0	3	2	1	19	0	48	0	1	-11.6009 	1	0.995951
UL	0.00531248	5	3	1	2	1	7	0	48	0	2	-10.0372 	0	2.1409e-05
UL	0.0053208	5	3	3	2	1	19	0	48	0	2	-11.5899 	1	0.156608
UL	0.00561248	5	6	1	2	1	19	0	48	0	3	-11.578 	0	0
UL	0.00601248	6	0	1	2	1	9	0	61	1	0	-4.10123 	0	1.10269e-05
DL	0.0134083	13	4	1	1	1	9	0	22	0	0	-3.3394	 	0	7.22289e-12
DL	0.0144083	14	4	1	1	1	7	0	22	0	0	-9.755	 	1	0.999977
DL	0.0144125	14	4	2	1	1	19	0	22	0	0	-11.7086	 	1	1
DL	0.0149083	14	9	1	1	1	7	0	22	0	1	-10.3145	 	1	0.638758
DL	0.0149125	14	9	2	1	1	19	0	22	0	1	-11.7011	 	1	0.996501
UL	0.0150125	15	0	1	2	1	7	0	48	0	0	-7.59833 	1	0.940427
UL	0.015025	15	0	4	2	1	19	0	48	0	0	-11.6026 	1	1
UL	0.0153125	15	3	1	2	1	7	0	48	0	1	-7.82653 	0	2.73049e-09
UL	0.0153208	15	3	3	2	1	19	0	48	0	1	-11.5974 	1	0.995942
DL	0.0154083	15	4	1	1	1	7	0	22	0	2	-10.4152	 	0	0.00025862
DL	0.0154125	15	4	2	1	1	19	0	22	0	2	-11.6926	 	1	0.417151
UL	0.0156125	15	6	1	2	1	19	0	48	0	2	-11.5928 	0	0.160524
DL	0.0159083	15	9	1	1	1	19	0	22	0	3	-11.6848	 	0	0
DL	0.0231125	23	1	1	2	1	2	0	48	0	0	1.9565	 	0	0
DL	0.0231208	23	1	3	2	1	3	0	48	0	0	0.834776	 	0	0
DL	0.0231291	23	1	5	2	1	4	0	48	0	0	3.86179	 	0	0
DL	0.0231374	23	1	7	2	1	5	0	48	0	0	34.5708	 	0	0
DL	0.0231458	23	1	9	2	1	6	0	48	0	0	1.02446	 	0	0
DL	0.0231499	23	1	11	1	1	8	0	22	0	0	3.24255	 	0	0
DL	0.0231541	23	1	12	1	1	9	0	32	2	0	-4.14878	 	0	0.00163995
DL	0.0231582	23	1	13	1	1	10	0	22	0	0	-1.17262	 	0	0
DL	0.0231624	23	1	14	1	1	11	0	22	0	0	3.53858	 	0	0
DL	0.0231666	23	1	15	1	1	12	0	22	0	0	32.8089	 	0	0
DL	0.0231707	23	1	16	1	1	13	0	22	0	0	12.8232	 	0	0
DL	0.0231749	23	1	17	1	1	14	0	22	0	0	3.34369	 	0	0
DL	0.023179	23	1	18	1	1	15	0	22	0	0	2.87261	 	0	0
DL	0.0231832	23	1	19	1	1	16	0	22	0	0	0.203227	 	0	0
DL	0.0231874	23	1	20	1	1	17	0	22	0	0	17.8027	 	0	0
DL	0.0231915	23	1	21	1	1	18	0	22	0	0	0.194712	 	0	0
DL	0.0231957	23	1	22	1	1	20	0	22	0	0	18.5053	 	0	0
DL	0.0232125	23	2	1	2	1	8	0	48	0	0	3.24363	 	0	0
DL	0.0232166	23	2	3	1	1	9	0	32	2	0	-4.18836	 	0	0.00212749
DL	0.023225	23	2	4	2	1	10	0	48	0	0	-1.17335	 	0	0
DL	0.0232333	23	2	6	2	1	11	0	48	0	0	3.53794	 	0	0
DL	0.0232416	23	2	8	2	1	12	0	48	0	0	32.8087	 	0	0
DL	0.0232499	23	2	10	2	1	13	0	48	0	0	12.8267	 	0	0
DL	0.0232582	23	2	12	2	1	14	0	48	0	0	3.34112	 	0	0
DL	0.0232666	23	2	14	2	1	15	0	48	0	0	2.8742	 	0	0
DL	0.0232749	23	2	16	2	1	16	0	48	0	0	0.223598	 	0	0
DL	0.0232832	23	2	18	2	1	17	0	48	0	0	17.7977	 	0	0
DL	0.0232915	23	2	20	2	1	18	0	48	0	0	0.20383	 	0	0
DL	0.0232957	23	2	22	1	1	20	0	22	0	0	18.5173	 	0	0
DL	0.0233125	23	3	1	2	1	20	0	48	0	0	18.5185	 	0	0
UL	0.0237125	23	7	1	2	1	20	0	48	0	0	18.5565 	0	0
UL	0.0237208	23	7	3	2	1	2	0	48	0	0	1.81401 	0	0
UL	0.0237291	23	7	5	2	1	3	0	48	0	0	0.736235 	0	0
UL	0.0237374	23	7	7	2	1	4	0	48	0	0	-0.154339 	0	0
UL	0.0237458	23	7	9	2	1	5	0	48	0	0	34.5482 	0	0
UL	0.0237499	23	7	11	1	1	6	0	22	0	0	3.32605 	0	0
UL	0.0237541	23	7	12	1	1	8	0	22	0	0	3.23876 	0	0
UL	0.0237582	23	7	13	1	1	9	0	22	0	0	-3.17241 	0	4.71623e-13
UL	0.0237624	23	7	14	1	1	10	0	22	0	0	-1.07494 	0	0
UL	0.0237666	23	7	15	1	1	11	0	22	0	0	3.54193 	0	0
UL	0.0237707	23	7	16	1	1	12	0	22	0	0	32.8069 	0	0
UL	0.0237749	23	7	17	1	1	13	0	22	0	0	12.724 	0	0
UL	0.023779	23	7	18	1	1	14	0	22	0	0	3.39648 	0	0
UL	0.0237832	23	7	19	1	1	15	0	22	0	0	2.92821 	0	0
UL	0.0237874	23	7	20	1	1	16	0	22	0	0	1.64021 	0	0
UL	0.0237915	23	7	21	1	1	17	0	22	0	0	18.267 	0	0
UL	0.0237957	23	7	22	1	1	18	0	22	0	0	0.856841 	0	0
UL	0.0238125	23	8	1	2	1	8	0	48	0	0	3.23829 	0	0
UL	0.0238208	23	8	3	2	1	9	0	48	0	0	-3.21573 	0	0
UL	0.0238291	23	8	5	2	1	10	0	48	0	0	-1.07521 	0	0
UL	0.0238374	23	8	7	2	1	11	0	48	0	0	3.54134 	0	0
UL	0.0238458	23	8	9	2	1	12	0	48	0	0	32.807 	0	0
UL	0.0238541	23	8	11	2	1	13	0	48	0	0	12.7277 	0	0
UL	0.0238624	23	8	13	2	1	14	0	48	0	0	3.39652 	0	0
UL	0.0238707	23	8	15	2	1	15	0	48	0	0	2.92701 	0	0
UL	0.023879	23	8	17	2	1	16	0	48	0	0	1.54561 	0	0
UL	0.0238874	23	8	19	2	1	17	0	48	0	0	18.2624 	0	0
UL	0.0238915	23	8	21	1	1	18	0	22	0	0	0.852223 	0	0
UL	0.0238957	23	8	22	1	1	20	0	22	0	0	18.5981 	0	0
DL	0.0242083	24	2	1	1	1	18	0	94	6	0	0.336309	 	0	0.0196686
DL	0.0242125	24	2	2	1	1	20	0	726	24	0	18.3779	 	0	0.0748138
DL	0.0242166	24	2	3	1	1	2	0	94	6	0	1.82596	 	0	5.77316e-15
DL	0.0242208	24	2	4	1	1	3	0	94	6	0	0.919891	 	0	5.19894e-10
DL	0.024225	24	2	5	1	1	4	0	139	8	0	3.86811	 	0	2.92488e-13
DL	0.0242291	24	2	6	1	1	5	0	885	28	0	34.5484	 	0	1.14131e-13
DL	0.0242333	24	2	7	1	1	6	0	94	6	0	1.03128	 	0	8.88178e-16
DL	0.0242374	24	2	8	1	1	8	0	139	8	0	3.26902	 	0	1.39634e-06
DL	0.0242458	24	2	9	2	1	9	0	68	2	0	-4.60652	 	0	0.00520012
DL	0.0242541	24	2	11	2	1	10	0	120	4	0	-1.18263	 	0	4.56618e-09
DL	0.0242582	24	2	13	1	1	11	0	139	8	0	3.52995	 	0	0
DL	0.0242624	24	2	14	1	1	12	0	885	28	0	32.8068	 	0	1.14131e-13
DL	0.0242666	24	2	15	1	1	13	0	434	18	0	12.8691	 	0	1.52783e-12
DL	0.0242707	24	2	16	1	1	14	0	139	8	0	3.30682	 	0	1.33193e-12
DL	0.0242749	24	2	17	1	1	15	0	139	8	0	2.89416	 	0	3.77483e-07
DL	0.0242832	24	2	18	2	1	16	0	120	4	0	1.37658	 	0	0
DL	0.0242874	24	2	20	1	1	17	0	628	22	0	17.7245	 	0	3.02653e-05
UL	0.0248083	24	8	1	1	1	17	0	726	24	0	18.2238 	0	3.34999e-07
UL	0.0248125	24	8	2	1	1	18	0	74	5	0	0.784062 	0	7.85893e-07
UL	0.0248166	24	8	3	1	1	20	0	726	24	0	18.4142 	0	0.0245596
UL	0.0248208	24	8	4	1	1	2	0	116	7	0	1.92339 	0	4.63788e-05
UL	0.024825	24	8	5	1	1	3	0	94	6	0	0.922254 	0	7.67802e-10
UL	0.0248291	24	8	6	1	1	4	0	74	5	0	0.0920512 	0	0.00105216
UL	0.0248333	24	8	7	1	1	5	0	885	28	0	34.5313 	0	1.14131e-13
UL	0.0248374	24	8	8	1	1	6	0	139	8	0	3.22787 	0	8.97862e-08
UL	0.0248416	24	8	9	1	1	8	0	139	8	0	3.24661 	0	7.27739e-06
UL	0.0248458	24	8	10	1	1	9	0	32	2	0	-4.05822 	0	0.00659885
UL	0.0248499	24	8	11	1	1	10	0	74	5	0	-1.08277 	0	0.0070494
UL	0.0248541	24	8	12	1	1	11	0	162	9	0	3.53291 	0	1.83242e-13
UL	0.0248582	24	8	13	1	1	12	0	885	28	0	32.8086 	0	1.14131e-13
UL	0.0248624	24	8	14	1	1	13	0	414	17	0	12.7713 	0	4.90519e-06
UL	0.0248666	24	8	15	1	1	14	0	162	9	0	3.38969 	0	1.30361e-05
UL	0.0248707	24	8	16	1	1	15	0	139	8	0	2.90852 	0	9.73297e-08
UL	0.0248749	24	8	17	1	1	16	0	94	6	0	0.667631 	0	0.00337603
DL	0.0257166	25	7	1	3	1	7	0	74	0	0	-8.04638	 	1	0.99731
DL	0.0262166	26	2	1	3	1	7	0	74	0	1	-8.05357	 	0	2.55351e-15
DL	0.0262291	26	2	4	3	1	19	0	74	0	0	-11.7748	 	1	1
DL	0.0267166	26	7	1	3	1	19	0	74	0	1	-11.7761	 	1	0.999936
UL	0.0268083	26	8	1	1	1	2	0	116	7	0	1.91329 	0	9.91736e-05
UL	0.0268125	26	8	2	1	1	3	0	116	7	0	1.11366 	0	0.00900898
UL	0.0268166	26	8	3	1	1	4	0	74	5	0	0.547354 	0	1.10179e-05
UL	0.0268208	26	8	4	1	1	5	0	885	28	0	34.5669 	0	1.14131e-13
UL	0.026825	26	8	5	1	1	6	0	162	9	0	3.01873 	0	0.0369345
UL	0.0268333	26	8	6	2	1	7	0	48	0	0	-8.06923 	1	0.990366
UL	0.0268374	26	8	8	1	1	8	0	139	8	0	3.33865 	0	2.10241e-08
UL	0.0268416	26	8	9	1	1	9	0	32	2	0	-4.33183 	0	0.0368527
UL	0.0268458	26	8	10	1	1	10	0	74	5	0	-1.11053 	0	0.0085541
UL	0.0268499	26	8	11	1	1	11	0	162	9	0	3.53788 	0	1.4877e-13
UL	0.0268541	26	8	12	1	1	12	0	885	28	0	32.8112 	0	1.14131e-13
UL	0.0268582	26	8	13	1	1	13	0	434	18	0	12.8247 	0	0.0577487
UL	0.0268624	26	8	14	1	1	14	0	162	9	0	3.34268 	0	4.55257e-05
UL	0.0268666	26	8	15	1	1	15	0	162	9	0	2.86355 	0	0.0255521
UL	0.0268707	26	8	16	1	1	16	0	94	6	0	1.96848 	0	3.9535e-13
UL	0.0268749	26	8	17	1	1	17	0	726	24	0	17.9234 	0	0.00255483
UL	0.026879	26	8	18	1	1	18	0	94	6	0	0.713721 	0	0.00835256
UL	0.0268832	26	8	19	1	1	20	0	726	24	0	17.359 	0	0.0834167
UL	0.0271125	27	1	1	2	1	7	0	48	0	1	-7.92103 	0	1.871e-07
DL	0.0272166	27	2	1	3	1	19	0	74	0	2	-11.7733	 	0	0.0951476
DL	0.0273083	27	3	1	1	1	2	0	94	6	0	1.91627	 	0	5.82312e-14
DL	0.0273125	27	3	2	1	1	3	0	94	6	0	1.31472	 	0	1.68321e-12
DL	0.0273166	27	3	3	1	1	4	0	139	8	0	3.82835	 	0	2.11049e-11
DL	0.0273208	27	3	4	1	1	5	0	885	28	0	34.5691	 	0	1.14131e-13
DL	0.027325	27	3	5	1	1	6	0	94	6	0	1.1588	 	0	3.33067e-16
DL	0.0273291	27	3	6	1	1	8	0	139	8	0	3.22266	 	0	9.68588e-09
DL	0.0273333	27	3	7	1	1	9	0	32	2	0	-3.61754	 	0	0.000181906
DL	0.0273374	27	3	8	1	1	10	0	58	4	0	-1.17439	 	0	0.000119758
DL	0.0273416	27	3	9	1	1	11	0	139	8	0	3.54273	 	0	0
DL	0.0273458	27	3	10	1	1	12	0	885	28	0	32.8066	 	0	1.14131e-13
DL	0.0273499	27	3	11	1	1	13	0	434	18	0	12.937	 	0	0
DL	0.0273541	27	3	12	1	1	14	0	139	8	0	3.23977	 	0	6.71884e-10
DL	0.0273582	27	3	13	1	1	15	0	139	8	0	2.94549	 	0	8.39091e-09
DL	0.0273624	27	3	14	1	1	16	0	94	6	0	0.811909	 	0	0.0020666
DL	0.0273666	27	3	15	1	1	17	0	628	22	0	17.5344	 	0	4.31772e-10
DL	0.0273707	27	3	16	1	1	18	0	94	6	0	0.344247	 	0	0.0240896
DL	0.0273749	27	3	17	1	1	20	0	726	24	0	18.0798	 	1	0.738435
DL	0.0278083	27	8	1	1	1	20	0	726	24	1	18.326	 	0	0
UL	0.0278166	27	8	2	2	1	19	0	48	0	0	-11.5272 	1	1
UL	0.0281125	28	1	1	2	1	19	0	48	0	1	-11.5225 	1	0.994081
UL	0.0284125	28	4	1	2	1	19	0	48	0	2	-11.5159 	0	0.117251
DL	0.0365166	36	5	1	3	1	7	0	74	0	0	-10.0958	 	1	1
DL	0.0370166	37	0	1	3	1	7	0	74	0	1	-9.97079	 	0	0.347011
UL	0.0371125	37	1	1	2	1	7	0	48	0	0	-9.56706 	1	0.999998
UL	0.0374125	37	4	1	2	1	7	0	48	0	1	-9.68226 	0	0.221304
DL	0.0375166	37	5	1	3	1	19	0	74	0	0	-11.6449	 	1	1
DL	0.0380166	38	0	1	3	1	19	0	74	0	1	-11.6398	 	1	0.999824
DL	0.0385166	38	5	1	3	1	19	0	74	0	2	-11.6428	 	0	0.0443422
DL	0.0473166	47	3	1	3	1	7	0	74	0	0	-8.11183	 	1	0.997949
UL	0.0474125	47	4	1	2	1	7	0	48	0	0	-8.30377 	1	0.997509
UL	0.0474208	47	4	3	2	1	19	0	48	0	0	-11.5264 	1	1
UL	0.0476125	47	6	1	2	1	7	0	48	0	0	-8.2183 	1	0.996448
UL	0.0477125	47	7	1	2	1	7	0	48	0	1	-8.17527 	0	1.41993e-05
UL	0.0477208	47	7	3	2	1	19	0	48	0	1	-11.5251 	1	0.99464
DL	0.0478166	47	8	1	3	1	7	0	74	0	1	-8.71872	 	0	9.22233e-11
UL	0.0479125	47	9	1	2	1	7	0	48	0	1	-8.09026 	0	5.44939e-06
UL	0.0480125	48	0	1	2	1	19	0	48	0	2	-11.5256 	0	0.130695
DL	0.0488083	48	8	1	1	1	19	0	22	0	0	-11.5478	 	1	1
DL	0.0493083	49	3	1	1	1	19	0	22	0	1	-11.55	 	1	0.993887
DL	0.0498083	49	8	1	1	1	19	0	22	0	2	-11.5495	 	0	0.311467
UL	0.0579208	57	9	3	2	1	7	0	48	0	0	-10.0231 	1	1
UL	0.0582125	58	2	1	2	1	7	0	48	0	1	-10.3393 	1	0.633165
UL	0.0585125	58	5	1	2	1	7	0	48	0	2	-10.5675 	0	6.67836e-06
DL	0.0590083	59	0	1	1	1	7	0	22	0	0	-7.58768	 	1	0.932425
DL	0.0595083	59	5	1	1	1	7	0	22	0	1	-7.53137	 	0	3.44564e-07
DL	0.103612	103	6	1	2	1	21	0	48	0	0	-36.9153	 	1	1
DL	0.104112	104	1	1	2	1	21	0	48	0	1	-36.9255	 	1	1
DL	0.104612	104	6	1	2	1	21	0	48	0	2	-36.9361	 	1	1
DL	0.105112	105	1	1	2	1	21	0	48	0	3	-36.947	 	1	0.999996
DL	0.208112	208	1	1	2	1	22	0	48	0	0	-41.9016	 	1	1
DL	0.208612	208	6	1	2	1	22	0	48	0	1	-41.915	 	1	1
DL	0.209112	209	1	1	2	1	22	0	48	0	2	-41.9239	 	1	1
DL	0.209612	209	6	1	2	1	22	0	48	0	3	-41.928	 	1	0.999996
DL	0.308612	308	6	1	2	1	23	0	48	0	0	-42.5591	 	1	1
DL	0.309112	309	1	1	2	1	23	0	48	0	1	-42.5599	 	1	1
DL	0.309612	309	6	1	2	1	23	0	48	0	2	-42.5613	 	1	1
DL	0.310112	310	1	1	2	1	23	0	48	0	3	-42.5633	 	1	0.999996
DL	0.413112	413	1	1	2	1	24	0	48	0	0	-41.7325	 	1	1
DL	0.413612	413	6	1	2	1	24	0	48	0	1	-41.7281	 	1	1
DL	0.414112	414	1	1	2	1	24	0	48	0	2	-41.7246	 	1	1
DL	0.414612	414	6	1	2	1	24	0	48	0	3	-41.7222	 	1	0.999996
DL	0.513612	513	6	1	2	1	25	0	48	0	0	-38.5463	 	1	1
DL	0.514112	514	1	1	2	1	25	0	48	0	1	-38.5509	 	1	1
DL	0.514612	514	6	1	2	1	25	0	48	0	2	-38.5554	 	1	1
DL	0.515112	515	1	1	2	1	25	0	48	0	3	-38.5598	 	1	0.999996
DL	0.618112	618	1	1	2	1	26	0	48	0	0	-41.1149	 	1	1
DL	0.618612	618	6	1	2	1	26	0	48	0	1	-41.117	 	1	1
DL	0.619112	619	1	1	2	1	26	0	48	0	2	-41.1192	 	1	1
DL	0.619612	619	6	1	2	1	26	0	48	0	3	-41.1215	 	1	0.999996
DL	0.718612	718	6	1	2	1	27	0	48	0	0	-42.8046	 	1	1
DL	0.719112	719	1	1	2	1	27	0	48	0	1	-42.7905	 	1	1
DL	0.719612	719	6	1	2	1	27	0	48	0	2	-42.7784	 	1	1
DL	0.720112	720	1	1	2	1	27	0	48	0	3	-42.7685	 	1	0.999996
DL	0.823112	823	1	1	2	1	28	0	48	0	0	-37.5447	 	1	1
DL	0.823612	823	6	1	2	1	28	0	48	0	1	-37.5553	 	1	1
DL	0.824112	824	1	1	2	1	28	0	48	0	2	-37.5657	 	1	1
DL	0.824612	824	6	1	2	1	28	0	48	0	3	-37.5756	 	1	0.999996
DL	0.923612	923	6	1	2	1	29	0	48	0	0	-37.7775	 	1	1
DL	0.924112	924	1	1	2	1	29	0	48	0	1	-37.7731	 	1	1
DL	0.924612	924	6	1	2	1	29	0	48	0	2	-37.7691	 	1	1
DL	0.925112	925	1	1	2	1	29	0	48	0	3	-37.7657	 	1	0.999996
DL	1.02811	1028	1	1	2	1	30	0	48	0	0	-40.9095	 	1	1
DL	1.02861	1028	6	1	2	1	30	0	48	0	1	-40.9088	 	1	1
DL	1.02911	1029	1	1	2	1	30	0	48	0	2	-40.9082	 	1	1
DL	1.02961	1029	6	1	2	1	30	0	48	0	3	-40.9077	 	1	0.999996
DL	1.12861	1128	6	1	2	1	31	0	48	0	0	-38.8584	 	1	1
DL	1.12911	1129	1	1	2	1	31	0	48	0	1	-38.8549	 	1	1
DL	1.12961	1129	6	1	2	1	31	0	48	0	2	-38.8489	 	1	1
DL	1.13011	1130	1	1	2	1	31	0	48	0	3	-38.8403	 	1	0.999996
DL	1.23311	1233	1	1	2	1	32	0	48	0	0	-38.949	 	1	1
DL	1.23361	1233	6	1	2	1	32	0	48	0	1	-38.9362	 	1	1
DL	1.23411	1234	1	1	2	1	32	0	48	0	2	-38.9243	 	1	1
DL	1.23461	1234	6	1	2	1	32	0	48	0	3	-38.9135	 	1	0.999996
DL	1.33361	1333	6	1	2	1	33	0	48	0	0	-40.1227	 	1	1
DL	1.33411	1334	1	1	2	1	33	0	48	0	1	-40.1294	 	1	1
DL	1.33461	1334	6	1	2	1	33	0	48	0	2	-40.1366	 	1	1
DL	1.33511	1335	1	1	2	1	33	0	48	0	3	-40.144	 	1	0.999996
DL	1.43811	1438	1	1	2	1	34	0	48	0	0	-29.3422	 	1	1
DL	1.43861	1438	6	1	2	1	34	0	48	0	1	-29.3432	 	1	1
DL	1.43911	1439	1	1	2	1	34	0	48	0	2	-29.3443	 	1	1
DL	1.43961	1439	6	1	2	1	34	0	48	0	3	-29.3456	 	1	0.999996
DL	1.53861	1538	6	1	2	1	35	0	48	0	0	-38.1109	 	1	1
DL	1.53911	1539	1	1	2	1	35	0	48	0	1	-38.1056	 	1	1
DL	1.53961	1539	6	1	2	1	35	0	48	0	2	-38.1008	 	1	1
DL	1.54011	1540	1	1	2	1	35	0	48	0	3	-38.0968	 	1	0.999996
DL	1.64311	1643	1	1	2	1	36	0	48	0	0	-44.1114	 	1	1
DL	1.64361	1643	6	1	2	1	36	0	48	0	1	-44.1198	 	1	1
DL	1.64411	1644	1	1	2	1	36	0	48	0	2	-44.1258	 	1	1
DL	1.64461	1644	6	1	2	1	36	0	48	0	3	-44.1291	 	1	0.999996
DL	1.74361	1743	6	1	2	1	37	0	48	0	0	-37.0084	 	1	1
DL	1.74411	1744	1	1	2	1	37	0	48	0	1	-37.0027	 	1	1
DL	1.74461	1744	6	1	2	1	37	0	48	0	2	-36.9972	 	1	1
DL	1.74511	1745	1	1	2	1	37	0	48	0	3	-36.9922	 	1	0.999996
DL	1.84811	1848	1	1	2	1	38	0	48	0	0	-37.2634	 	1	1
DL	1.84861	1848	6	1	2	1	38	0	48	0	1	-37.2624	 	1	1
DL	1.84911	1849	1	1	2	1	38	0	48	0	2	-37.2618	 	1	1
DL	1.84961	1849	6	1	2	1	38	0	48	0	3	-37.2615	 	1	0.999996
DL	1.94861	1948	6	1	2	1	39	0	48	0	0	-35.0213	 	1	1
DL	1.94911	1949	1	1	2	1	39	0	48	0	1	-35.0223	 	1	1
DL	1.94961	1949	6	1	2	1	39	0	48	0	2	-35.0254	 	1	1
DL	1.95011	1950	1	1	2	1	39	0	48	0	3	-35.0306	 	1	0.999996
