Rx 0.00391248 1 2 1 8 308320
Rx 0.0039208 1 3 1 8 316640
Rx 0.00392912 1 4 1 8 324960
Rx 0.00393744 1 5 1 8 333280
Rx 0.00394576 1 6 1 8 341600
Rx 0.00394992 1 8 1 8 345760
Rx 0.00395408 1 9 1 8 349920
Rx 0.00395824 1 10 1 8 354080
Rx 0.0039624 1 11 1 8 358240
Rx 0.00396656 1 12 1 8 362400
Rx 0.00397072 1 13 1 8 366560
Rx 0.00397488 1 14 1 8 370720
Rx 0.00397904 1 15 1 8 374880
Rx 0.0039832 1 16 1 8 379040
Rx 0.00398736 1 17 1 8 383200
Rx 0.00399152 1 18 1 8 387360
Rx 0.00399568 1 20 1 8 391520
Rx 0.00551248 1 7 1 8 908320
Rx 0.00581248 1 19 1 8 1208320
Rx 0.00621248 1 9 1 8 0
Rx 0.0155125 1 7 1 8 0
Rx 0.0158125 1 19 1 8 0
Tx 0.0236042 1 2 1 2 
Tx 0.0236042 1 2 1 7 
Tx 0.0236042 1 3 1 2 
Tx 0.0236042 1 3 1 7 
Tx 0.0236042 1 4 1 2 
Tx 0.0236042 1 4 1 7 
Tx 0.0236042 1 5 1 2 
Tx 0.0236042 1 5 1 7 
Tx 0.0236042 1 6 1 2 
Tx 0.0236042 1 6 1 7 
Tx 0.0236042 1 8 1 2 
Tx 0.0236042 1 8 1 7 
Tx 0.0236042 1 9 1 2 
Tx 0.0236042 1 9 1 7 
Tx 0.0236042 1 10 1 2 
Tx 0.0236042 1 10 1 7 
Tx 0.0236042 1 11 1 2 
Tx 0.0236042 1 11 1 7 
Tx 0.0236042 1 12 1 2 
Tx 0.0236042 1 12 1 7 
Tx 0.0236042 1 13 1 2 
Tx 0.0236042 1 13 1 7 
Tx 0.0236042 1 14 1 2 
Tx 0.0236042 1 14 1 7 
Tx 0.0236042 1 15 1 2 
Tx 0.0236042 1 15 1 7 
Tx 0.0236042 1 16 1 2 
Tx 0.0236042 1 16 1 7 
Tx 0.0236042 1 17 1 2 
Tx 0.0236042 1 17 1 7 
Tx 0.0236042 1 18 1 2 
Tx 0.0236042 1 18 1 7 
Tx 0.0236042 1 20 1 2 
Tx 0.0236042 1 20 1 7 
Rx 0.0239125 1 20 1 2 0
Rx 0.0239125 1 20 1 7 308320
Rx 0.0239208 1 2 1 2 0
Rx 0.0239208 1 2 1 7 316640
Rx 0.0239291 1 3 1 2 0
Rx 0.0239291 1 3 1 7 324960
Rx 0.0239374 1 4 1 2 0
Rx 0.0239374 1 4 1 7 333280
Rx 0.0239458 1 5 1 2 0
Rx 0.0239458 1 5 1 7 341600
Rx 0.0239499 1 6 1 2 0
Rx 0.0239499 1 6 1 7 345760
Rx 0.0239541 1 8 1 2 0
Rx 0.0239541 1 8 1 7 349920
Rx 0.0239582 1 9 1 2 0
Rx 0.0239582 1 9 1 7 354080
Rx 0.0239624 1 10 1 2 0
Rx 0.0239624 1 10 1 7 358240
Rx 0.0239666 1 11 1 2 0
Rx 0.0239666 1 11 1 7 362400
Rx 0.0239707 1 12 1 2 0
Rx 0.0239707 1 12 1 7 366560
Rx 0.0239749 1 13 1 2 0
Rx 0.0239749 1 13 1 7 370720
Rx 0.023979 1 14 1 2 0
Rx 0.023979 1 14 1 7 374880
Rx 0.0239832 1 15 1 2 0
Rx 0.0239832 1 15 1 7 379040
Rx 0.0239874 1 16 1 2 0
Rx 0.0239874 1 16 1 7 383200
Rx 0.0239915 1 17 1 2 0
Rx 0.0239915 1 17 1 7 387360
Rx 0.0239957 1 18 1 2 0
Rx 0.0239957 1 18 1 7 391520
Tx 0.0247042 1 2 1 2 
Tx 0.0247042 1 3 1 2 
Tx 0.0247042 1 4 1 2 
Tx 0.0247042 1 5 1 2 
Tx 0.0247042 1 6 1 2 
Tx 0.0247042 1 8 1 2 
Tx 0.0247042 1 9 1 2 
Tx 0.0247042 1 10 1 2 
Tx 0.0247042 1 11 1 2 
Tx 0.0247042 1 12 1 2 
Tx 0.0247042 1 13 1 2 
Tx 0.0247042 1 14 1 2 
Tx 0.0247042 1 15 1 2 
Tx 0.0247042 1 16 1 2 
Tx 0.0247042 1 17 1 2 
Tx 0.0247042 1 18 1 2 
Tx 0.0247042 1 20 1 2 
Rx 0.0250083 1 17 1 2 0
Rx 0.0250125 1 18 1 2 0
Rx 0.0250166 1 20 1 2 0
Rx 0.0250208 1 2 1 2 0
Rx 0.025025 1 3 1 2 0
Rx 0.0250291 1 4 1 2 0
Rx 0.0250333 1 5 1 2 0
Rx 0.0250374 1 6 1 2 0
Rx 0.0250416 1 8 1 2 0
Rx 0.0250458 1 9 1 2 0
Rx 0.0250499 1 10 1 2 0
Rx 0.0250541 1 11 1 2 0
Rx 0.0250582 1 12 1 2 0
Rx 0.0250624 1 13 1 2 0
Rx 0.0250666 1 14 1 2 0
Rx 0.0250707 1 15 1 2 0
Rx 0.0250749 1 16 1 2 0
Tx 0.0267042 1 2 1 7 
Tx 0.0267042 1 3 1 7 
Tx 0.0267042 1 4 1 7 
Tx 0.0267042 1 5 1 7 
Tx 0.0267042 1 6 1 7 
Tx 0.0267042 1 7 1 2 
Tx 0.0267042 1 7 1 7 
Tx 0.0267042 1 8 1 7 
Tx 0.0267042 1 9 1 7 
Tx 0.0267042 1 10 1 7 
Tx 0.0267042 1 11 1 7 
Tx 0.0267042 1 12 1 7 
Tx 0.0267042 1 13 1 7 
Tx 0.0267042 1 14 1 7 
Tx 0.0267042 1 15 1 7 
Tx 0.0267042 1 16 1 7 
Tx 0.0267042 1 17 1 7 
Tx 0.0267042 1 18 1 7 
Tx 0.0267042 1 20 1 7 
Rx 0.0270083 1 2 1 7 304160
Rx 0.0270125 1 3 1 7 308320
Rx 0.0270166 1 4 1 7 312480
Rx 0.0270208 1 5 1 7 316640
Rx 0.027025 1 6 1 7 320800
Rx 0.0270374 1 8 1 7 333280
Rx 0.0270416 1 9 1 7 337440
Rx 0.0270458 1 10 1 7 341600
Rx 0.0270499 1 11 1 7 345760
Rx 0.0270541 1 12 1 7 349920
Rx 0.0270582 1 13 1 7 354080
Rx 0.0270624 1 14 1 7 358240
Rx 0.0270666 1 15 1 7 362400
Rx 0.0270707 1 16 1 7 366560
Rx 0.0270749 1 17 1 7 370720
Rx 0.027079 1 18 1 7 374880
Rx 0.0270832 1 20 1 7 379040
Rx 0.0273125 1 7 1 2 0
Rx 0.0273125 1 7 1 7 608320
Tx 0.0277042 1 19 1 2 
Tx 0.0277042 1 19 1 7 
Rx 0.0286125 1 19 1 2 0
Rx 0.0286125 1 19 1 7 908320
Rx 0.0376125 1 7 1 7 0
Tx 0.0473042 1 7 1 2 
Tx 0.0473042 1 7 1 7 
Tx 0.0473042 1 19 1 2 
Tx 0.0473042 1 19 1 7 
Rx 0.0479125 1 7 1 2 0
Rx 0.0479125 1 7 1 7 608320
Rx 0.0482125 1 19 1 2 0
Rx 0.0482125 1 19 1 7 908320
Tx 0.0578042 1 7 1 2 
Rx 0.0587125 1 7 1 2 0
Rx 0.0587125 1 7 1 7 0
