Rx 0.00402912 1 2 1 8 324960
Tx 0.00480416 1 2 1 2 
Tx 0.00480416 1 2 1 7 
Rx 0.00510832 1 2 1 2 0
Rx 0.00510832 1 2 1 7 304160
Tx 0.0236042 1 2 1 2 
Tx 0.0236042 1 2 1 7 
Rx 0.0239291 1 2 1 2 0
Rx 0.0239291 1 2 1 7 324960
Tx 0.0247042 1 2 1 2 
Rx 0.0250083 1 2 1 2 0
Tx 0.0267042 1 2 1 7 
Rx 0.0270083 1 2 1 7 304160
Rx 0.104529 1 22 1 8 324960
Rx 0.104554 1 23 1 8 349920
Tx 0.105304 1 22 1 2 
Tx 0.105304 1 22 1 7 
Rx 0.105617 1 22 1 2 0
Rx 0.105617 1 22 1 7 312480
Rx 0.106808 1 23 1 8 0
Rx 0.109108 1 23 1 8 0
Rx 0.111412 1 23 1 8 0
Rx 0.113712 1 23 1 8 0
Tx 0.114904 1 23 1 2 
Tx 0.114904 1 23 1 7 
Rx 0.115212 1 23 1 2 0
Rx 0.115212 1 23 1 7 308320
Tx 0.124104 1 22 1 2 
Tx 0.124104 1 22 1 7 
Tx 0.124104 1 23 1 2 
Tx 0.124104 1 23 1 7 
Rx 0.124437 1 22 1 2 0
Rx 0.124437 1 22 1 7 333280
Rx 0.124712 1 23 1 2 0
Rx 0.124712 1 23 1 7 608320
Tx 0.125204 1 22 1 2 
Tx 0.125504 1 23 1 2 
Tx 0.125504 1 23 1 7 
Rx 0.125517 1 22 1 2 0
Rx 0.125817 1 23 1 2 0
Rx 0.125817 1 23 1 7 312480
Tx 0.127204 1 22 1 7 
Rx 0.127517 1 22 1 7 312480
Rx 0.209029 1 41 1 8 324960
Rx 0.209054 1 42 1 8 349920
Rx 0.209075 1 43 1 8 370720
Rx 0.209096 1 44 1 8 391520
Tx 0.209804 1 41 1 2 
Tx 0.209804 1 41 1 7 
Tx 0.209804 1 42 1 2 
Tx 0.209804 1 42 1 7 
Tx 0.209804 1 43 1 2 
Tx 0.209804 1 43 1 7 
Tx 0.209804 1 44 1 2 
Tx 0.209804 1 44 1 7 
Rx 0.210108 1 41 1 2 0
Rx 0.210108 1 41 1 7 304160
Rx 0.210112 1 42 1 2 0
Rx 0.210112 1 42 1 7 308320
Rx 0.210125 1 44 1 2 0
Rx 0.210125 1 44 1 7 320800
Rx 0.210412 1 43 1 2 0
Rx 0.210412 1 43 1 7 608320
Tx 0.228604 1 41 1 2 
Tx 0.228604 1 41 1 7 
Tx 0.228604 1 42 1 2 
Tx 0.228604 1 42 1 7 
Tx 0.228604 1 43 1 2 
Tx 0.228604 1 43 1 7 
Tx 0.228604 1 44 1 2 
Tx 0.228604 1 44 1 7 
Rx 0.228929 1 41 1 2 0
Rx 0.228929 1 41 1 7 324960
Rx 0.228954 1 42 1 2 0
Rx 0.228954 1 42 1 7 349920
Rx 0.228975 1 43 1 2 0
Rx 0.228975 1 43 1 7 370720
Rx 0.228996 1 44 1 2 0
Rx 0.228996 1 44 1 7 391520
Tx 0.229704 1 41 1 2 
Tx 0.229704 1 42 1 2 
Tx 0.229704 1 44 1 2 
Tx 0.229804 1 43 1 2 
Rx 0.230008 1 41 1 2 0
Rx 0.230012 1 42 1 2 0
Rx 0.230017 1 44 1 2 0
Rx 0.230417 1 43 1 2 0
Tx 0.231704 1 41 1 7 
Tx 0.231704 1 42 1 7 
Tx 0.231704 1 44 1 7 
Tx 0.231804 1 43 1 7 
Rx 0.232008 1 41 1 7 304160
Rx 0.232017 1 44 1 7 312480
Rx 0.232121 1 43 1 7 316640
Rx 0.232308 1 42 1 7 604160
Rx 0.309529 1 58 1 8 324960
Rx 0.309554 1 59 1 8 349920
Rx 0.309579 1 60 1 8 374880
Rx 0.309625 1 61 1 8 320800
Rx 0.309646 1 62 1 8 341600
Rx 0.309662 1 63 1 8 358240
Rx 0.309679 1 64 1 8 374880
Rx 0.309696 1 65 1 8 391520
Tx 0.310304 1 58 1 2 
Tx 0.310304 1 58 1 7 
Tx 0.310304 1 60 1 2 
Tx 0.310304 1 60 1 7 
Tx 0.310404 1 61 1 2 
Tx 0.310404 1 61 1 7 
Tx 0.310404 1 62 1 2 
Tx 0.310404 1 62 1 7 
Tx 0.310404 1 63 1 2 
Tx 0.310404 1 63 1 7 
Tx 0.310404 1 64 1 2 
Tx 0.310404 1 64 1 7 
Tx 0.310404 1 65 1 2 
Tx 0.310404 1 65 1 7 
Rx 0.310617 1 58 1 2 0
Rx 0.310617 1 58 1 7 312480
Rx 0.310625 1 60 1 2 0
Rx 0.310625 1 60 1 7 320800
Rx 0.310708 1 61 1 2 0
Rx 0.310708 1 61 1 7 304160
Rx 0.310712 1 62 1 2 0
Rx 0.310712 1 62 1 7 308320
Rx 0.310717 1 63 1 2 0
Rx 0.310717 1 63 1 7 312480
Rx 0.310721 1 64 1 2 0
Rx 0.310721 1 64 1 7 316640
Rx 0.311012 1 65 1 2 0
Rx 0.311012 1 65 1 7 608320
Rx 0.319829 1 59 1 8 0
Tx 0.329004 1 58 1 2 
Tx 0.329204 1 58 1 7 
Rx 0.329329 1 58 1 2 0
Rx 0.329529 1 58 1 7 324960
Tx 0.329804 1 59 1 2 
Tx 0.329804 1 59 1 7 
Tx 0.329804 1 60 1 2 
Tx 0.329804 1 60 1 7 
Tx 0.329804 1 61 1 2 
Tx 0.329804 1 61 1 7 
Tx 0.329804 1 62 1 2 
Tx 0.329804 1 62 1 7 
Tx 0.329804 1 63 1 2 
Tx 0.329804 1 63 1 7 
Tx 0.329804 1 64 1 2 
Tx 0.329804 1 64 1 7 
Tx 0.329804 1 65 1 2 
Tx 0.329804 1 65 1 7 
Rx 0.330121 1 59 1 2 0
Rx 0.330121 1 59 1 7 316640
Rx 0.330133 1 60 1 2 0
Rx 0.330133 1 60 1 7 329120
Rx 0.330146 1 61 1 2 0
Rx 0.330146 1 61 1 7 341600
Rx 0.330158 1 62 1 2 0
Rx 0.330158 1 62 1 7 354080
Rx 0.330171 1 63 1 2 0
Rx 0.330171 1 63 1 7 366560
Rx 0.330183 1 64 1 2 0
Rx 0.330183 1 64 1 7 379040
Rx 0.330196 1 65 1 2 0
Rx 0.330196 1 65 1 7 391520
Tx 0.330304 1 58 1 2 
Tx 0.330304 1 58 1 7 
Rx 0.330667 1 58 1 2 0
Rx 0.330667 1 58 1 7 362400
Tx 0.330904 1 61 1 2 
Tx 0.330904 1 62 1 2 
Tx 0.330904 1 63 1 2 
Tx 0.330904 1 64 1 2 
Tx 0.330904 1 65 1 2 
Tx 0.331004 1 60 1 2 
Rx 0.331208 1 61 1 2 0
Rx 0.331212 1 62 1 2 0
Rx 0.331217 1 63 1 2 0
Rx 0.331221 1 64 1 2 0
Rx 0.331229 1 65 1 2 0
Rx 0.331312 1 60 1 2 0
Tx 0.340204 1 59 1 2 
Tx 0.340204 1 60 1 7 
Tx 0.340204 1 61 1 7 
Tx 0.340204 1 62 1 7 
Tx 0.340204 1 63 1 7 
Tx 0.340204 1 64 1 7 
Tx 0.340204 1 65 1 7 
Rx 0.340525 1 60 1 7 320800
Rx 0.340529 1 61 1 7 324960
Rx 0.340537 1 63 1 7 333280
Rx 0.340542 1 64 1 7 337440
Rx 0.340817 1 59 1 2 0
Rx 0.340817 1 59 1 7 0
Rx 0.340821 1 62 1 7 616640
Rx 0.340829 1 65 1 7 624960
Tx 0.350504 1 59 1 2 
Tx 0.350504 1 59 1 7 
Rx 0.351129 1 59 1 2 0
Rx 0.351129 1 59 1 7 624960
Tx 0.360804 1 59 1 2 
Rx 0.361129 1 59 1 2 0
Rx 0.361129 1 59 1 7 0
