Rx 0.00402912 1 2 1 4 583360
Rx 0.00510832 1 2 1 3 595840
Tx 0.0233374 1 2 1 3 
Rx 0.0239291 1 2 1 3 591680
Tx 0.0244125 1 2 1 3 
Rx 0.0270083 1 2 1 3 2595840
Rx 0.104529 1 22 1 4 583360
Rx 0.104554 1 23 1 4 587520
Rx 0.105617 1 22 1 3 575040
Rx 0.115212 1 23 1 3 554240
Tx 0.123821 1 23 1 3 
Tx 0.123854 1 22 1 3 
Rx 0.124437 1 22 1 3 583360
Rx 0.124712 1 23 1 3 891680
Tx 0.124925 1 22 1 3 
Tx 0.125217 1 23 1 3 
Rx 0.125817 1 23 1 3 600000
Rx 0.127517 1 22 1 3 2591680
Rx 0.209029 1 41 1 4 583360
Rx 0.209054 1 42 1 4 591680
Rx 0.209075 1 43 1 4 595840
Rx 0.209096 1 44 1 4 600000
Rx 0.210108 1 41 1 3 600000
Rx 0.210112 1 42 1 3 595840
Rx 0.210125 1 44 1 3 587520
Rx 0.210412 1 43 1 3 795840
Tx 0.228329 1 43 1 3 
Tx 0.228354 1 44 1 3 
Tx 0.228425 1 41 1 3 
Tx 0.228446 1 42 1 3 
Rx 0.228929 1 41 1 3 504160
Rx 0.228954 1 42 1 3 508320
Rx 0.228975 1 43 1 3 645760
Rx 0.228996 1 44 1 3 641600
Tx 0.229408 1 41 1 3 
Tx 0.229417 1 42 1 3 
Tx 0.229437 1 44 1 3 
Tx 0.229517 1 43 1 3 
Rx 0.232008 1 41 1 3 2600000
Rx 0.232017 1 44 1 3 2579200
Rx 0.232121 1 43 1 3 2604160
Rx 0.232308 1 42 1 3 2891680
