Tx 0.0029 1 1 0 12 
Tx 0.0029 1 2 0 12 
Tx 0.0029 1 3 0 12 
Tx 0.0029 1 4 0 12 
Tx 0.0029 1 5 0 12 
Tx 0.0029 1 6 0 12 
Tx 0.0029 1 7 0 12 
Tx 0.0029 1 8 0 12 
Tx 0.0029 1 9 0 12 
Tx 0.0029 1 10 0 12 
Tx 0.0029 1 11 0 12 
Tx 0.0029 1 12 0 12 
Tx 0.0029 1 13 0 12 
Tx 0.0029 1 14 0 12 
Tx 0.0029 1 15 0 12 
Tx 0.0029 1 16 0 12 
Tx 0.0029 1 17 0 12 
Tx 0.0029 1 18 0 12 
Tx 0.0029 1 19 0 12 
Tx 0.0029 1 20 0 12 
Rx 0.0033208 1 2 0 12 420799
Rx 0.00332496 1 3 0 12 424959
Rx 0.00332912 1 4 0 12 429119
Rx 0.00333328 1 5 0 12 433279
Rx 0.00333744 1 6 0 12 437439
Rx 0.00334576 1 8 0 12 445759
Rx 0.00334992 1 9 0 12 449919
Rx 0.00335408 1 10 0 12 454079
Rx 0.00335824 1 11 0 12 458239
Rx 0.0033624 1 12 0 12 462399
Rx 0.00336656 1 13 0 12 466559
Rx 0.00337072 1 14 0 12 470719
Rx 0.00337488 1 15 0 12 474879
Rx 0.00337904 1 16 0 12 479039
Rx 0.0033832 1 17 0 12 483199
Rx 0.00338736 1 18 0 12 487359
Rx 0.00339568 1 20 0 12 495679
Tx 0.004 1 2 1 2 
Tx 0.004 1 3 1 2 
Tx 0.004 1 4 1 2 
Tx 0.004 1 5 1 2 
Tx 0.004 1 6 1 2 
Tx 0.004 1 8 1 2 
Tx 0.004 1 10 1 2 
Tx 0.004 1 11 1 2 
Tx 0.004 1 12 1 2 
Tx 0.004 1 13 1 2 
Tx 0.004 1 14 1 2 
Tx 0.004 1 15 1 2 
Tx 0.004 1 16 1 2 
Tx 0.004 1 17 1 2 
Tx 0.004 1 18 1 2 
Tx 0.004 1 20 1 2 
Rx 0.00431664 1 7 0 12 1416639
Rx 0.0043208 1 19 0 12 1420799
Tx 0.0132 1 9 1 2 
Tx 0.0142 1 7 1 2 
Tx 0.0142 1 19 1 2 
Tx 0.0229 1 2 1 33 
Tx 0.0229 1 3 1 33 
Tx 0.0229 1 4 1 33 
Tx 0.0229 1 5 1 33 
Tx 0.0229 1 6 1 33 
Tx 0.0229 1 8 1 20 
Tx 0.0229 1 9 1 30 
Tx 0.0229 1 10 1 20 
Tx 0.0229 1 11 1 20 
Tx 0.0229 1 12 1 20 
Tx 0.0229 1 13 1 20 
Tx 0.0229 1 14 1 20 
Tx 0.0229 1 15 1 20 
Tx 0.0229 1 16 1 20 
Tx 0.0229 1 17 1 20 
Tx 0.0229 1 18 1 20 
Tx 0.0229 1 20 1 20 
Tx 0.023 1 8 1 17 
Tx 0.023 1 9 1 7 
Tx 0.023 1 10 1 17 
Tx 0.023 1 11 1 17 
Tx 0.023 1 12 1 17 
Tx 0.023 1 13 1 17 
Tx 0.023 1 14 1 17 
Tx 0.023 1 15 1 17 
Tx 0.023 1 16 1 17 
Tx 0.023 1 17 1 17 
Tx 0.023 1 18 1 17 
Tx 0.023 1 20 1 17 
Tx 0.024 1 18 1 2 
Tx 0.024 1 18 1 44 
Tx 0.024 1 20 1 2 
Tx 0.024 1 20 1 44 
Tx 0.024 1 2 1 2 
Tx 0.024 1 2 1 44 
Tx 0.024 1 3 1 2 
Tx 0.024 1 3 1 44 
Tx 0.024 1 4 1 2 
Tx 0.024 1 4 1 44 
Tx 0.024 1 5 1 2 
Tx 0.024 1 5 1 44 
Tx 0.024 1 6 1 2 
Tx 0.024 1 6 1 44 
Tx 0.024 1 8 1 2 
Tx 0.024 1 8 1 44 
Tx 0.024 1 9 1 2 
Tx 0.024 1 9 1 44 
Tx 0.024 1 10 1 2 
Tx 0.024 1 10 1 44 
Tx 0.024 1 11 1 2 
Tx 0.024 1 11 1 44 
Tx 0.024 1 12 1 2 
Tx 0.024 1 12 1 44 
Tx 0.024 1 13 1 2 
Tx 0.024 1 13 1 44 
Tx 0.024 1 14 1 2 
Tx 0.024 1 14 1 44 
Tx 0.024 1 15 1 2 
Tx 0.024 1 15 1 44 
Tx 0.024 1 16 1 2 
Tx 0.024 1 16 1 44 
Tx 0.024 1 17 1 2 
Tx 0.024 1 17 1 44 
Rx 0.0244083 1 18 1 2 0
Rx 0.0244083 1 18 1 44 408319
Rx 0.0244125 1 20 1 2 0
Rx 0.0244125 1 20 1 44 412479
Rx 0.0244166 1 2 1 2 0
Rx 0.0244166 1 2 1 44 416639
Rx 0.0244208 1 3 1 2 0
Rx 0.0244208 1 3 1 44 420799
Rx 0.024425 1 4 1 2 0
Rx 0.024425 1 4 1 44 424959
Rx 0.0244291 1 5 1 2 0
Rx 0.0244291 1 5 1 44 429119
Rx 0.0244333 1 6 1 2 0
Rx 0.0244333 1 6 1 44 433279
Rx 0.0244374 1 8 1 2 0
Rx 0.0244374 1 8 1 44 437439
Rx 0.0244458 1 9 1 2 0
Rx 0.0244458 1 9 1 44 445759
Rx 0.0244541 1 10 1 2 0
Rx 0.0244541 1 10 1 44 454079
Rx 0.0244582 1 11 1 2 0
Rx 0.0244582 1 11 1 44 458239
Rx 0.0244624 1 12 1 2 0
Rx 0.0244624 1 12 1 44 462399
Rx 0.0244666 1 13 1 2 0
Rx 0.0244666 1 13 1 44 466559
Rx 0.0244707 1 14 1 2 0
Rx 0.0244707 1 14 1 44 470719
Rx 0.0244749 1 15 1 2 0
Rx 0.0244749 1 15 1 44 474879
Rx 0.0244832 1 16 1 2 0
Rx 0.0244832 1 16 1 44 483199
Rx 0.0244874 1 17 1 2 0
Rx 0.0244874 1 17 1 44 487359
Tx 0.0255 1 7 1 2 
Tx 0.0255 1 7 1 33 
Tx 0.026 1 19 1 2 
Tx 0.026 1 19 1 33 
Tx 0.0271 1 2 1 2 
Tx 0.0271 1 3 1 2 
Tx 0.0271 1 4 1 2 
Tx 0.0271 1 5 1 2 
Tx 0.0271 1 6 1 2 
Tx 0.0271 1 8 1 2 
Tx 0.0271 1 9 1 2 
Tx 0.0271 1 10 1 2 
Tx 0.0271 1 11 1 2 
Tx 0.0271 1 12 1 2 
Tx 0.0271 1 13 1 2 
Tx 0.0271 1 14 1 2 
Tx 0.0271 1 15 1 2 
Tx 0.0271 1 16 1 2 
Tx 0.0271 1 17 1 2 
Tx 0.0271 1 18 1 2 
Tx 0.0271 1 20 1 2 
Rx 0.0275083 1 2 1 2 0
Rx 0.0275125 1 3 1 2 0
Rx 0.0275166 1 4 1 2 0
Rx 0.0275208 1 5 1 2 0
Rx 0.027525 1 6 1 2 0
Rx 0.0275291 1 8 1 2 0
Rx 0.0275333 1 9 1 2 0
Rx 0.0275374 1 10 1 2 0
Rx 0.0275416 1 11 1 2 0
Rx 0.0275458 1 12 1 2 0
Rx 0.0275499 1 13 1 2 0
Rx 0.0275541 1 14 1 2 0
Rx 0.0275582 1 15 1 2 0
Rx 0.0275624 1 16 1 2 0
Rx 0.0275666 1 17 1 2 0
Rx 0.0275707 1 18 1 2 0
Rx 0.0280083 1 20 1 2 0
Tx 0.0363 1 7 1 2 
Tx 0.0363 1 7 1 44 
Rx 0.0372166 1 7 1 2 0
Rx 0.0372166 1 7 1 44 916639
Tx 0.0373 1 19 1 2 
Tx 0.0373 1 19 1 44 
Rx 0.0387166 1 19 1 2 0
Rx 0.0387166 1 19 1 44 1416639
Tx 0.0471 1 7 1 2 
Rx 0.0480166 1 7 1 2 0
Rx 0.0480166 1 7 1 44 0
Tx 0.0486 1 19 1 2 
Rx 0.0500083 1 19 1 2 0
Tx 0.0588 1 7 1 2 
Rx 0.0597083 1 7 1 2 0
