Tx 0.003 1 1 0 12 
Tx 0.003 1 2 0 12 
Rx 0.00344576 1 2 0 12 445759
Tx 0.0041 1 2 1 2 
Tx 0.0041 1 2 1 55 
Tx 0.0052 1 2 1 2 
Rx 0.00610832 1 2 1 2 0
Tx 0.0229 1 2 1 33 
Rx 0.0233374 1 2 1 33 437439
Tx 0.024 1 2 1 2 
Tx 0.024 1 2 1 44 
Rx 0.0244125 1 2 1 2 0
Rx 0.0244125 1 2 1 44 412479
Tx 0.0271 1 2 1 2 
Rx 0.0275083 1 2 1 2 0
Tx 0.1035 1 21 0 12 
Tx 0.1035 1 22 0 12 
Tx 0.1035 1 23 0 12 
Rx 0.103946 1 22 0 12 445759
Rx 0.103946 1 22 0 12 445759
Rx 0.103967 1 23 0 12 466559
Rx 0.103967 1 23 0 12 466559
Tx 0.1046 1 22 1 2 
Tx 0.1046 1 22 1 55 
Tx 0.1057 1 22 1 2 
Rx 0.106108 1 22 1 2 0
Tx 0.1142 1 23 1 2 
Tx 0.1142 1 23 1 55 
Tx 0.1153 1 23 1 2 
Rx 0.115708 1 23 1 2 0
Tx 0.1234 1 23 1 33 
Tx 0.1234 1 22 1 33 
Rx 0.123821 1 23 1 33 420799
Rx 0.123854 1 22 1 33 454079
Tx 0.1245 1 22 1 2 
Tx 0.1245 1 22 1 44 
Tx 0.1248 1 23 1 2 
Tx 0.1248 1 23 1 44 
Rx 0.124925 1 22 1 2 0
Rx 0.124925 1 22 1 44 424959
Rx 0.125217 1 23 1 2 0
Rx 0.125217 1 23 1 44 416639
Tx 0.1259 1 23 1 2 
Rx 0.126308 1 23 1 2 0
Tx 0.1276 1 22 1 2 
Rx 0.128008 1 22 1 2 0
Tx 0.208 1 40 0 12 
Tx 0.208 1 41 0 12 
Tx 0.208 1 42 0 12 
Tx 0.208 1 43 0 12 
Tx 0.208 1 44 0 12 
Rx 0.208446 1 41 0 12 445759
Rx 0.208446 1 41 0 12 445759
Rx 0.208446 1 41 0 12 445759
Rx 0.208462 1 42 0 12 462399
Rx 0.208462 1 42 0 12 462399
Rx 0.208462 1 42 0 12 462399
Rx 0.208479 1 43 0 12 479039
Rx 0.208479 1 43 0 12 479039
Rx 0.208479 1 43 0 12 479039
Rx 0.208496 1 44 0 12 495679
Rx 0.208496 1 44 0 12 495679
Rx 0.208496 1 44 0 12 495679
Tx 0.2091 1 41 1 2 
Tx 0.2091 1 41 1 55 
Tx 0.2091 1 42 1 2 
Tx 0.2091 1 42 1 55 
Tx 0.2091 1 43 1 2 
Tx 0.2091 1 43 1 33 
Tx 0.2091 1 44 1 2 
Tx 0.2091 1 44 1 55 
Tx 0.2092 1 43 1 26 
Tx 0.2102 1 41 1 2 
Tx 0.2102 1 42 1 2 
Tx 0.2102 1 44 1 2 
Tx 0.2105 1 43 1 2 
Rx 0.210608 1 41 1 2 0
Rx 0.210612 1 42 1 2 0
Rx 0.210617 1 44 1 2 0
Rx 0.211908 1 43 1 2 0
Tx 0.2279 1 43 1 33 
Tx 0.2279 1 44 1 33 
Tx 0.2279 1 41 1 27 
Tx 0.2279 1 42 1 27 
Tx 0.228 1 41 1 10 
Tx 0.228 1 42 1 10 
Rx 0.228329 1 43 1 33 429119
Rx 0.228354 1 44 1 33 454079
Rx 0.228375 1 41 1 27 474879
Rx 0.228396 1 42 1 27 495679
Rx 0.228425 1 41 1 10 424959
Rx 0.228446 1 42 1 10 445759
Tx 0.229 1 41 1 2 
Tx 0.229 1 41 1 44 
Tx 0.229 1 42 1 2 
Tx 0.229 1 42 1 44 
Tx 0.229 1 43 1 2 
Tx 0.229 1 43 1 33 
Tx 0.229 1 44 1 2 
Tx 0.229 1 44 1 44 
Tx 0.2291 1 43 1 15 
Rx 0.229408 1 41 1 2 0
Rx 0.229408 1 41 1 44 408319
Rx 0.229417 1 42 1 2 0
Rx 0.229417 1 42 1 44 416639
Rx 0.229429 1 43 1 2 0
Rx 0.229429 1 43 1 33 429119
Rx 0.229437 1 44 1 2 0
Rx 0.229437 1 44 1 44 437439
Rx 0.229517 1 43 1 15 416639
Tx 0.2321 1 41 1 2 
Tx 0.2321 1 44 1 2 
Tx 0.2322 1 43 1 2 
Tx 0.2324 1 42 1 2 
Rx 0.232508 1 41 1 2 0
Rx 0.232512 1 44 1 2 0
Rx 0.232612 1 43 1 2 0
Rx 0.232808 1 42 1 2 0
Tx 0.3085 1 57 0 12 
Tx 0.3085 1 58 0 12 
Tx 0.3085 1 59 0 12 
Tx 0.3085 1 60 0 12 
Tx 0.3086 1 61 0 12 
Tx 0.3086 1 62 0 12 
Tx 0.3086 1 63 0 12 
Tx 0.3086 1 64 0 12 
Tx 0.3086 1 65 0 12 
Rx 0.308929 1 58 0 12 429119
Rx 0.308929 1 58 0 12 429119
Rx 0.308929 1 58 0 12 429119
Rx 0.308929 1 58 0 12 429119
Rx 0.308942 1 59 0 12 441599
Rx 0.308942 1 59 0 12 441599
Rx 0.308942 1 59 0 12 441599
Rx 0.308942 1 59 0 12 441599
Rx 0.308954 1 60 0 12 454079
Rx 0.308954 1 60 0 12 454079
Rx 0.308954 1 60 0 12 454079
Rx 0.308954 1 60 0 12 454079
Rx 0.309025 1 61 0 12 424959
Rx 0.309025 1 61 0 12 424959
Rx 0.309025 1 61 0 12 424959
Rx 0.309025 1 61 0 12 424959
Rx 0.309046 1 62 0 12 445759
Rx 0.309046 1 62 0 12 445759
Rx 0.309046 1 62 0 12 445759
Rx 0.309046 1 62 0 12 445759
Rx 0.309062 1 63 0 12 462399
Rx 0.309062 1 63 0 12 462399
Rx 0.309062 1 63 0 12 462399
Rx 0.309062 1 63 0 12 462399
Rx 0.309079 1 64 0 12 479039
Rx 0.309079 1 64 0 12 479039
Rx 0.309079 1 64 0 12 479039
Rx 0.309079 1 64 0 12 479039
Rx 0.309096 1 65 0 12 495679
Rx 0.309096 1 65 0 12 495679
Rx 0.309096 1 65 0 12 495679
Rx 0.309096 1 65 0 12 495679
Tx 0.3096 1 58 1 2 
Tx 0.3096 1 58 1 55 
Tx 0.3096 1 60 1 2 
Tx 0.3096 1 60 1 55 
Tx 0.3097 1 61 1 2 
Tx 0.3097 1 61 1 55 
Tx 0.3097 1 62 1 2 
Tx 0.3097 1 62 1 55 
Tx 0.3097 1 63 1 2 
Tx 0.3097 1 63 1 55 
Tx 0.3097 1 64 1 2 
Tx 0.3097 1 64 1 55 
Tx 0.3097 1 65 1 2 
Tx 0.3097 1 65 1 55 
Tx 0.3107 1 58 1 2 
Tx 0.3107 1 60 1 2 
Tx 0.3108 1 61 1 2 
Tx 0.3108 1 62 1 2 
Tx 0.3108 1 63 1 2 
Tx 0.3108 1 64 1 2 
Tx 0.3111 1 65 1 2 
Rx 0.311108 1 58 1 2 0
Rx 0.311112 1 60 1 2 0
Rx 0.311208 1 61 1 2 0
Rx 0.311212 1 62 1 2 0
Rx 0.311217 1 63 1 2 0
Rx 0.311221 1 64 1 2 0
Rx 0.312508 1 65 1 2 0
Tx 0.3192 1 59 1 2 
Tx 0.3192 1 59 1 55 
Tx 0.3284 1 65 1 20 
Tx 0.3284 1 58 1 14 
Tx 0.3284 1 60 1 14 
Tx 0.3284 1 61 1 14 
Tx 0.3284 1 62 1 14 
Tx 0.3284 1 63 1 14 
Tx 0.3284 1 64 1 14 
Tx 0.3285 1 58 1 20 
Tx 0.3285 1 60 1 14 
Tx 0.3285 1 61 1 14 
Tx 0.3285 1 62 1 14 
Tx 0.3285 1 63 1 14 
Tx 0.3285 1 64 1 14 
Tx 0.3285 1 65 1 14 
Tx 0.3286 1 60 1 13 
Tx 0.3286 1 61 1 13 
Tx 0.3286 1 62 1 13 
Tx 0.3286 1 63 1 13 
Tx 0.3286 1 64 1 13 
Tx 0.3286 1 65 1 7 
Tx 0.3286 1 58 1 7 
Rx 0.328821 1 65 1 20 420799
Rx 0.328833 1 58 1 14 433279
Rx 0.328846 1 60 1 14 445759
Rx 0.328858 1 61 1 14 458239
Rx 0.328871 1 62 1 14 470719
Rx 0.328883 1 63 1 14 483199
Rx 0.328896 1 64 1 14 495679
Rx 0.328921 1 58 1 20 420799
Rx 0.328933 1 60 1 14 433279
Rx 0.328946 1 61 1 14 445759
Rx 0.328958 1 62 1 14 458239
Rx 0.328971 1 63 1 14 470719
Rx 0.328983 1 64 1 14 483199
Rx 0.328996 1 65 1 14 495679
Rx 0.329021 1 60 1 13 420799
Rx 0.329033 1 61 1 13 433279
Rx 0.329046 1 62 1 13 445759
Rx 0.329058 1 63 1 13 458239
Rx 0.329071 1 64 1 13 470719
Rx 0.329083 1 65 1 7 483199
Rx 0.329096 1 58 1 7 495679
Tx 0.3295 1 59 1 2 
Tx 0.3296 1 58 1 2 
Tx 0.3296 1 58 1 44 
Rx 0.329958 1 59 1 2 0
Rx 0.329958 1 59 1 55 0
Rx 0.330025 1 58 1 2 0
Rx 0.330025 1 58 1 44 424959
Tx 0.3302 1 60 1 2 
Tx 0.3302 1 60 1 33 
Tx 0.3302 1 61 1 2 
Tx 0.3302 1 61 1 44 
Tx 0.3302 1 62 1 2 
Tx 0.3302 1 62 1 44 
Tx 0.3302 1 63 1 2 
Tx 0.3302 1 63 1 44 
Tx 0.3302 1 64 1 2 
Tx 0.3302 1 64 1 44 
Tx 0.3302 1 65 1 2 
Tx 0.3302 1 65 1 44 
Tx 0.3303 1 60 1 15 
Rx 0.330617 1 60 1 2 0
Rx 0.330617 1 60 1 33 416639
Rx 0.330621 1 61 1 2 0
Rx 0.330621 1 61 1 44 420799
Rx 0.330625 1 62 1 2 0
Rx 0.330625 1 62 1 44 424959
Rx 0.330633 1 63 1 2 0
Rx 0.330633 1 63 1 44 433279
Rx 0.330642 1 64 1 2 0
Rx 0.330642 1 64 1 44 441599
Rx 0.330654 1 65 1 2 0
Rx 0.330654 1 65 1 44 454079
Tx 0.3307 1 58 1 2 
Rx 0.330717 1 60 1 15 416639
Rx 0.331108 1 58 1 2 0
Tx 0.3398 1 59 1 2 
Tx 0.3398 1 59 1 44 
Rx 0.34025 1 59 1 2 0
Rx 0.34025 1 59 1 44 449919
Tx 0.3406 1 60 1 2 
Tx 0.3406 1 61 1 2 
Tx 0.3406 1 63 1 2 
Tx 0.3406 1 64 1 2 
Tx 0.3409 1 62 1 2 
Tx 0.3409 1 65 1 2 
Rx 0.341012 1 60 1 2 0
Rx 0.341021 1 61 1 2 0
Rx 0.341029 1 63 1 2 0
Rx 0.341037 1 64 1 2 0
Rx 0.341312 1 62 1 2 0
Rx 0.341321 1 65 1 2 0
Tx 0.3501 1 59 1 2 
Rx 0.350554 1 59 1 2 0
Rx 0.350554 1 59 1 44 0
Tx 0.3604 1 59 1 2 
Rx 0.361312 1 59 1 2 0
Tx 0.4129 1 70 0 12 
Tx 0.4129 1 71 0 12 
Tx 0.4129 1 72 0 12 
Tx 0.4129 1 73 0 12 
Tx 0.4129 1 74 0 12 
Rx 0.413346 1 71 0 12 445759
Rx 0.413346 1 71 0 12 445759
Rx 0.413346 1 71 0 12 445759
Rx 0.413346 1 71 0 12 445759
Rx 0.413346 1 71 0 12 445759
Rx 0.413362 1 72 0 12 462399
Rx 0.413362 1 72 0 12 462399
Rx 0.413362 1 72 0 12 462399
Rx 0.413362 1 72 0 12 462399
Rx 0.413362 1 72 0 12 462399
Rx 0.413396 1 74 0 12 495679
Rx 0.413396 1 74 0 12 495679
Rx 0.413396 1 74 0 12 495679
Rx 0.413396 1 74 0 12 495679
Rx 0.413396 1 74 0 12 495679
Rx 0.413842 1 73 0 12 941599
Rx 0.413842 1 73 0 12 941599
Rx 0.413842 1 73 0 12 941599
Rx 0.413842 1 73 0 12 941599
Rx 0.413842 1 73 0 12 941599
Tx 0.414 1 71 1 2 
Tx 0.414 1 71 1 55 
Tx 0.414 1 72 1 2 
Tx 0.414 1 72 1 55 
Tx 0.414 1 74 1 2 
Tx 0.414 1 74 1 55 
Tx 0.4151 1 71 1 2 
Tx 0.4151 1 72 1 2 
Tx 0.4151 1 74 1 2 
Rx 0.415508 1 71 1 2 0
Rx 0.415512 1 72 1 2 0
Rx 0.415517 1 74 1 2 0
Tx 0.4237 1 73 1 2 
Tx 0.4237 1 73 1 55 
Tx 0.4329 1 71 1 33 
Tx 0.4329 1 72 1 33 
Tx 0.4329 1 74 1 33 
Rx 0.433337 1 71 1 33 437439
Rx 0.433367 1 72 1 33 466559
Rx 0.433396 1 74 1 33 495679
Tx 0.434 1 72 1 2 
Tx 0.434 1 72 1 44 
Tx 0.434 1 73 1 2 
Tx 0.434 1 73 1 33 
Tx 0.434 1 71 1 2 
Tx 0.434 1 71 1 44 
Rx 0.434437 1 72 1 2 0
Rx 0.434437 1 72 1 44 437439
Rx 0.434475 1 73 1 2 0
Rx 0.434475 1 73 1 33 474879
Rx 0.434479 1 71 1 2 0
Rx 0.434479 1 71 1 44 479039
Rx 0.435308 1 74 1 33 0
Tx 0.4371 1 71 1 2 
Tx 0.4371 1 72 1 2 
Rx 0.437308 1 74 1 33 0
Tx 0.4374 1 74 1 2 
Tx 0.4374 1 74 1 44 
Rx 0.437508 1 71 1 2 0
Rx 0.437512 1 72 1 2 0
Rx 0.437808 1 74 1 2 0
Rx 0.437808 1 74 1 44 408319
Tx 0.4405 1 74 1 2 
Rx 0.440908 1 74 1 2 0
Tx 0.4443 1 73 1 2 
Tx 0.4443 1 73 1 44 
Rx 0.44475 1 73 1 2 0
Rx 0.44475 1 73 1 44 449919
Tx 0.4546 1 73 1 2 
Rx 0.455012 1 73 1 2 0
Tx 0.5134 1 75 0 12 
Tx 0.6179 1 76 0 12 
Tx 0.7184 1 77 0 12 
Tx 0.8229 1 78 0 12 
Tx 0.9234 1 79 0 12 
Tx 1.0279 1 80 0 12 
Tx 1.1284 1 81 0 12 
Tx 1.2329 1 82 0 12 
