Tx 0.00402912 1 2 1 51 
Tx 0.0228045 1 2 1 29 
Rx 0.0233374 1 2 1 29 532900
Tx 0.0239291 1 2 1 40 
Rx 0.0244125 1 2 1 40 483360
Tx 0.104529 1 22 1 51 
Tx 0.104554 1 23 1 51 
Tx 0.123305 1 22 1 29 
Tx 0.123305 1 23 1 29 
Rx 0.123821 1 23 1 29 516098
Rx 0.123854 1 22 1 29 549540
Tx 0.124437 1 22 1 40 
Tx 0.124712 1 23 1 40 
Rx 0.124925 1 22 1 40 487520
Rx 0.125217 1 23 1 40 504160
Tx 0.209029 1 41 1 51 
Tx 0.209054 1 42 1 51 
Tx 0.209075 1 43 1 51 
Tx 0.209096 1 44 1 51 
Tx 0.227805 1 41 1 29 
Tx 0.227805 1 42 1 29 
Tx 0.227805 1 43 1 29 
Tx 0.227805 1 44 1 29 
Rx 0.228329 1 43 1 29 524256
Rx 0.228354 1 44 1 29 549054
Rx 0.228425 1 41 1 29 620420
Rx 0.228446 1 42 1 29 641058
Tx 0.228929 1 41 1 40 
Tx 0.228954 1 42 1 40 
Tx 0.228975 1 43 1 40 
Tx 0.228996 1 44 1 40 
Rx 0.229408 1 41 1 40 479200
Rx 0.229417 1 42 1 40 462560
Rx 0.229437 1 44 1 40 441760
Rx 0.229517 1 43 1 40 541760
