Tx 0.003 1 1 0 12 
Tx 0.003 1 2 0 12 
Rx 0.00344576 1 2 0 12 445759
Tx 0.0041 1 2 1 2 
Tx 0.0041 1 2 1 55 
Tx 0.0052 1 2 1 2 
Rx 0.00610832 1 2 1 2 0
Tx 0.0229 1 2 1 33 
Rx 0.0233374 1 2 1 33 437439
Tx 0.024 1 2 1 2 
Tx 0.024 1 2 1 44 
Rx 0.0244125 1 2 1 2 0
Rx 0.0244125 1 2 1 44 412479
Tx 0.0271 1 2 1 2 
Rx 0.0275083 1 2 1 2 0
Tx 0.1035 1 21 0 12 
Tx 0.1035 1 22 0 12 
Tx 0.1035 1 23 0 12 
Rx 0.103946 1 22 0 12 445759
Rx 0.103946 1 22 0 12 445759
Rx 0.103967 1 23 0 12 466559
Rx 0.103967 1 23 0 12 466559
Tx 0.1046 1 22 1 2 
Tx 0.1046 1 22 1 55 
Tx 0.1057 1 22 1 2 
Rx 0.106108 1 22 1 2 0
Tx 0.1142 1 23 1 2 
Tx 0.1142 1 23 1 55 
Tx 0.1153 1 23 1 2 
Rx 0.115708 1 23 1 2 0
Tx 0.1234 1 23 1 33 
Tx 0.1234 1 22 1 33 
Rx 0.123821 1 23 1 33 420799
Rx 0.123854 1 22 1 33 454079
Tx 0.1245 1 22 1 2 
Tx 0.1245 1 22 1 44 
Tx 0.1248 1 23 1 2 
Tx 0.1248 1 23 1 44 
Rx 0.124925 1 22 1 2 0
Rx 0.124925 1 22 1 44 424959
Rx 0.125217 1 23 1 2 0
Rx 0.125217 1 23 1 44 416639
Tx 0.1259 1 23 1 2 
Rx 0.126308 1 23 1 2 0
Tx 0.1276 1 22 1 2 
Rx 0.128008 1 22 1 2 0
Tx 0.208 1 40 0 12 
Tx 0.208 1 41 0 12 
Tx 0.208 1 42 0 12 
Tx 0.208 1 43 0 12 
Tx 0.208 1 44 0 12 
Rx 0.208446 1 41 0 12 445759
Rx 0.208446 1 41 0 12 445759
Rx 0.208446 1 41 0 12 445759
Rx 0.208462 1 42 0 12 462399
Rx 0.208462 1 42 0 12 462399
Rx 0.208462 1 42 0 12 462399
Rx 0.208479 1 43 0 12 479039
Rx 0.208479 1 43 0 12 479039
Rx 0.208479 1 43 0 12 479039
Rx 0.208496 1 44 0 12 495679
Rx 0.208496 1 44 0 12 495679
Rx 0.208496 1 44 0 12 495679
Tx 0.2091 1 41 1 2 
Tx 0.2091 1 41 1 55 
Tx 0.2091 1 42 1 2 
Tx 0.2091 1 42 1 55 
Tx 0.2091 1 43 1 2 
Tx 0.2091 1 43 1 33 
Tx 0.2091 1 44 1 2 
Tx 0.2091 1 44 1 55 
Tx 0.2092 1 43 1 26 
Tx 0.2102 1 41 1 2 
Tx 0.2102 1 42 1 2 
Tx 0.2102 1 44 1 2 
Tx 0.2105 1 43 1 2 
Rx 0.210608 1 41 1 2 0
Rx 0.210612 1 42 1 2 0
Rx 0.210617 1 44 1 2 0
Rx 0.211908 1 43 1 2 0
Tx 0.2279 1 43 1 33 
Tx 0.2279 1 44 1 33 
Tx 0.2279 1 41 1 27 
Tx 0.2279 1 42 1 27 
Tx 0.228 1 41 1 10 
Tx 0.228 1 42 1 10 
Rx 0.228329 1 43 1 33 429119
Rx 0.228354 1 44 1 33 454079
Rx 0.228375 1 41 1 27 474879
Rx 0.228396 1 42 1 27 495679
Rx 0.228425 1 41 1 10 424959
Rx 0.228446 1 42 1 10 445759
Tx 0.229 1 41 1 2 
Tx 0.229 1 41 1 44 
Tx 0.229 1 42 1 2 
Tx 0.229 1 42 1 44 
Tx 0.229 1 43 1 2 
Tx 0.229 1 43 1 33 
Tx 0.229 1 44 1 2 
Tx 0.229 1 44 1 44 
Tx 0.2291 1 43 1 15 
Rx 0.229408 1 41 1 2 0
Rx 0.229408 1 41 1 44 408319
Rx 0.229417 1 42 1 2 0
Rx 0.229417 1 42 1 44 416639
Rx 0.229429 1 43 1 2 0
Rx 0.229429 1 43 1 33 429119
Rx 0.229437 1 44 1 2 0
Rx 0.229437 1 44 1 44 437439
Rx 0.229517 1 43 1 15 416639
Tx 0.2321 1 41 1 2 
Tx 0.2321 1 44 1 2 
Tx 0.2322 1 43 1 2 
Tx 0.2324 1 42 1 2 
Rx 0.232508 1 41 1 2 0
Rx 0.232512 1 44 1 2 0
Rx 0.232612 1 43 1 2 0
Rx 0.232808 1 42 1 2 0
