Rx 0.00391248 1 2 1 4 591680
Rx 0.0039208 1 3 1 4 595840
Rx 0.00392912 1 4 1 4 600000
Rx 0.00393744 1 5 1 4 604160
Rx 0.00394576 1 6 1 4 608320
Rx 0.00394992 1 8 1 4 604160
Rx 0.00395408 1 9 1 4 604160
Rx 0.00395824 1 10 1 4 604160
Rx 0.0039624 1 11 1 4 604160
Rx 0.00396656 1 12 1 4 604160
Rx 0.00397072 1 13 1 4 604160
Rx 0.00397488 1 14 1 4 604160
Rx 0.00397904 1 15 1 4 604160
Rx 0.0039832 1 16 1 4 604160
Rx 0.00398736 1 17 1 4 604160
Rx 0.00399152 1 18 1 4 604160
Rx 0.00399568 1 20 1 4 600000
Rx 0.00551248 1 7 1 4 1195840
Rx 0.00581248 1 19 1 4 1491680
Rx 0.0239125 1 20 1 3 416800
Rx 0.0239208 1 2 1 3 608320
Rx 0.0239291 1 3 1 3 608320
Rx 0.0239374 1 4 1 3 608320
Rx 0.0239458 1 5 1 3 608320
Rx 0.0239499 1 6 1 3 604160
Rx 0.0239541 1 8 1 3 541600
Rx 0.0239582 1 9 1 3 541600
Rx 0.0239624 1 10 1 3 537440
Rx 0.0239666 1 11 1 3 533280
Rx 0.0239707 1 12 1 3 529120
Rx 0.0239749 1 13 1 3 524960
Rx 0.023979 1 14 1 3 520800
Rx 0.0239832 1 15 1 3 516640
Rx 0.0239874 1 16 1 3 512480
Rx 0.0239915 1 17 1 3 508320
Rx 0.0239957 1 18 1 3 504160
Tx 0.0244083 1 18 1 3 
Tx 0.0244125 1 20 1 3 
Tx 0.0244166 1 2 1 3 
Tx 0.0244208 1 3 1 3 
Tx 0.024425 1 4 1 3 
Tx 0.0244291 1 5 1 3 
Tx 0.0244333 1 6 1 3 
Tx 0.0244374 1 8 1 3 
Tx 0.0244458 1 9 1 3 
Tx 0.0244541 1 10 1 3 
Tx 0.0244582 1 11 1 3 
Tx 0.0244624 1 12 1 3 
Tx 0.0244666 1 13 1 3 
Tx 0.0244707 1 14 1 3 
Tx 0.0244749 1 15 1 3 
Tx 0.0244832 1 16 1 3 
Tx 0.0244874 1 17 1 3 
Rx 0.0270083 1 2 1 3 2591680
Rx 0.0270125 1 3 1 3 2591680
Rx 0.0270166 1 4 1 3 2591680
Rx 0.0270208 1 5 1 3 2591680
Rx 0.027025 1 6 1 3 2591680
Rx 0.0270374 1 8 1 3 2600000
Rx 0.0270416 1 9 1 3 2595840
Rx 0.0270458 1 10 1 3 2591680
Rx 0.0270499 1 11 1 3 2591680
Rx 0.0270541 1 12 1 3 2591680
Rx 0.0270582 1 13 1 3 2591680
Rx 0.0270624 1 14 1 3 2591680
Rx 0.0270666 1 15 1 3 2591680
Rx 0.0270707 1 16 1 3 2587520
Rx 0.0270749 1 17 1 3 2587520
Rx 0.027079 1 18 1 3 2670720
Rx 0.0270832 1 20 1 3 2670720
Rx 0.0273125 1 7 1 3 895840
Rx 0.0286125 1 19 1 3 1195840
Tx 0.0372166 1 7 1 3 
Tx 0.0387166 1 19 1 3 
Rx 0.0479125 1 7 1 3 10695840
Rx 0.0482125 1 19 1 3 9495840
