Tx 0.0228045 1 2 1 29 
Tx 0.0228047 1 3 1 29 
Tx 0.0228049 1 4 1 29 
Tx 0.022805 1 5 1 29 
Tx 0.0228052 1 6 1 29 
Tx 0.0228053 1 7 1 29 
Tx 0.0228055 1 8 1 29 
Tx 0.0228057 1 9 1 29 
Tx 0.0228058 1 10 1 29 
Tx 0.022806 1 11 1 29 
Tx 0.0228062 1 12 1 29 
Tx 0.0228063 1 13 1 29 
Tx 0.0228065 1 14 1 29 
Tx 0.0228066 1 15 1 29 
Tx 0.0228068 1 16 1 29 
Tx 0.022807 1 17 1 29 
Tx 0.0228071 1 18 1 29 
Tx 0.0228073 1 19 1 29 
Tx 0.0228075 1 20 1 29 
Tx 0.0239125 1 20 1 40 
Tx 0.0239208 1 2 1 40 
Tx 0.0239291 1 3 1 40 
Tx 0.0239374 1 4 1 40 
Tx 0.0239458 1 5 1 40 
Tx 0.0239499 1 6 1 40 
Tx 0.0239541 1 8 1 40 
Tx 0.0239582 1 9 1 40 
Tx 0.0239624 1 10 1 40 
Tx 0.0239666 1 11 1 40 
Tx 0.0239707 1 12 1 40 
Tx 0.0239749 1 13 1 40 
Tx 0.023979 1 14 1 40 
Tx 0.0239832 1 15 1 40 
Tx 0.0239874 1 16 1 40 
Tx 0.0239915 1 17 1 40 
Tx 0.0239957 1 18 1 40 
Rx 0.0244083 1 18 1 40 412640
Rx 0.0244125 1 20 1 40 500000
Rx 0.0244166 1 2 1 40 495840
Rx 0.0244208 1 3 1 40 491680
Rx 0.024425 1 4 1 40 487520
Rx 0.0244291 1 5 1 40 483360
Rx 0.0244333 1 6 1 40 483360
Rx 0.0244374 1 8 1 40 483360
Rx 0.0244458 1 9 1 40 487520
Rx 0.0244541 1 10 1 40 491680
Rx 0.0244582 1 11 1 40 491680
Rx 0.0244624 1 12 1 40 491680
Rx 0.0244666 1 13 1 40 491680
Rx 0.0244707 1 14 1 40 491680
Rx 0.0244749 1 15 1 40 491680
Rx 0.0244832 1 16 1 40 495840
Rx 0.0244874 1 17 1 40 495840
Tx 0.0273125 1 7 1 40 
Tx 0.0286125 1 19 1 40 
Rx 0.0372166 1 7 1 40 9904160
Rx 0.0387166 1 19 1 40 10104160
