Tx 0.00402912 1 2 1 51 
Tx 0.0228045 1 2 1 29 
Rx 0.0233374 1 2 1 29 532900
Tx 0.0239291 1 2 1 40 
Rx 0.0244125 1 2 1 40 483360
Tx 0.104529 1 22 1 51 
Tx 0.104554 1 23 1 51 
Tx 0.123305 1 22 1 29 
Tx 0.123305 1 23 1 29 
Rx 0.123821 1 23 1 29 516098
Rx 0.123854 1 22 1 29 549540
Tx 0.124437 1 22 1 40 
Tx 0.124712 1 23 1 40 
Rx 0.124925 1 22 1 40 487520
Rx 0.125217 1 23 1 40 504160
Tx 0.209029 1 41 1 51 
Tx 0.209054 1 42 1 51 
Tx 0.209075 1 43 1 51 
Tx 0.209096 1 44 1 51 
Tx 0.227805 1 41 1 29 
Tx 0.227805 1 42 1 29 
Tx 0.227805 1 43 1 29 
Tx 0.227805 1 44 1 29 
Rx 0.228329 1 43 1 29 524256
Rx 0.228354 1 44 1 29 549054
Rx 0.228425 1 41 1 29 620420
Rx 0.228446 1 42 1 29 641058
Tx 0.228929 1 41 1 40 
Tx 0.228954 1 42 1 40 
Tx 0.228975 1 43 1 40 
Tx 0.228996 1 44 1 40 
Rx 0.229408 1 41 1 40 479200
Rx 0.229417 1 42 1 40 462560
Rx 0.229437 1 44 1 40 441760
Rx 0.229517 1 43 1 40 541760
Tx 0.301002 1 2 4 1054 
Tx 0.301003 1 22 4 1054 
Tx 0.301004 1 23 4 1054 
Tx 0.301004 1 41 4 1054 
Tx 0.301005 1 42 4 1054 
Tx 0.301006 1 43 4 1054 
Tx 0.301007 1 44 4 1054 
Rx 0.301992 1 41 4 1054 987061
Rx 0.30205 1 44 4 1054 1042836
Rx 0.302208 1 2 4 1054 1206486
Rx 0.302333 1 22 4 1054 1330571
Rx 0.302396 1 42 4 1054 1390346
Rx 0.302829 1 23 4 1054 1825536
Tx 0.309529 1 58 1 51 
Tx 0.309554 1 59 1 51 
Tx 0.309579 1 60 1 51 
Tx 0.309625 1 61 1 51 
Tx 0.309646 1 62 1 51 
Tx 0.309662 1 63 1 51 
Tx 0.309679 1 64 1 51 
Tx 0.309696 1 65 1 51 
Rx 0.312942 1 43 4 1054 11935391
Tx 0.328305 1 58 1 29 
Tx 0.328305 1 60 1 29 
Tx 0.328305 1 61 1 29 
Tx 0.328305 1 62 1 29 
Tx 0.328305 1 63 1 29 
Tx 0.328306 1 64 1 29 
Tx 0.328306 1 65 1 29 
Rx 0.329021 1 60 1 29 715936
Rx 0.329033 1 61 1 29 728254
Rx 0.329046 1 62 1 29 740572
Rx 0.329058 1 63 1 29 752890
Rx 0.329071 1 64 1 29 765208
Rx 0.329083 1 65 1 29 777526
Rx 0.329096 1 58 1 29 791140
Tx 0.329529 1 58 1 40 
Rx 0.330025 1 58 1 40 495840
Tx 0.330121 1 59 1 40 
Tx 0.330133 1 60 1 40 
Tx 0.330146 1 61 1 40 
Tx 0.330158 1 62 1 40 
Tx 0.330171 1 63 1 40 
Tx 0.330183 1 64 1 40 
Tx 0.330196 1 65 1 40 
Rx 0.330621 1 61 1 40 475040
Rx 0.330625 1 62 1 40 466720
Rx 0.330633 1 63 1 40 462560
Rx 0.330642 1 64 1 40 458400
Rx 0.330654 1 65 1 40 458400
Rx 0.330717 1 60 1 40 583360
Rx 0.34025 1 59 1 40 10129120
Tx 0.413929 1 71 1 51 
Tx 0.413954 1 72 1 51 
Tx 0.413979 1 74 1 51 
Tx 0.414454 1 73 1 51 
Tx 0.432805 1 71 1 29 
Tx 0.432805 1 72 1 29 
Tx 0.432805 1 73 1 29 
Tx 0.432805 1 74 1 29 
Rx 0.433337 1 71 1 29 532900
Rx 0.433367 1 72 1 29 561858
Rx 0.433396 1 74 1 29 590654
Tx 0.433929 1 72 1 40 
Tx 0.433954 1 71 1 40 
Rx 0.434437 1 72 1 40 508320
Rx 0.434475 1 73 1 29 1670016
Rx 0.434479 1 71 1 40 524960
Tx 0.437333 1 73 1 40 
Tx 0.437358 1 74 1 40 
Rx 0.437808 1 74 1 40 450080
Rx 0.44475 1 73 1 40 7416640
