Rx 0.00402912 1 2 1 4 583360
Rx 0.00510832 1 2 1 3 595840
Tx 0.0233374 1 2 1 3 
Rx 0.0239291 1 2 1 3 591680
Tx 0.0244125 1 2 1 3 
Rx 0.0270083 1 2 1 3 2595840
Rx 0.104529 1 22 1 4 583360
Rx 0.104554 1 23 1 4 587520
Rx 0.105617 1 22 1 3 575040
Rx 0.115212 1 23 1 3 554240
Tx 0.123821 1 23 1 3 
Tx 0.123854 1 22 1 3 
Rx 0.124437 1 22 1 3 583360
Rx 0.124712 1 23 1 3 891680
Tx 0.124925 1 22 1 3 
Tx 0.125217 1 23 1 3 
Rx 0.125817 1 23 1 3 600000
Rx 0.127517 1 22 1 3 2591680
Rx 0.209029 1 41 1 4 583360
Rx 0.209054 1 42 1 4 591680
Rx 0.209075 1 43 1 4 595840
Rx 0.209096 1 44 1 4 600000
Rx 0.210108 1 41 1 3 600000
Rx 0.210112 1 42 1 3 595840
Rx 0.210125 1 44 1 3 587520
Rx 0.210412 1 43 1 3 795840
Tx 0.228329 1 43 1 3 
Tx 0.228354 1 44 1 3 
Tx 0.228425 1 41 1 3 
Tx 0.228446 1 42 1 3 
Rx 0.228929 1 41 1 3 504160
Rx 0.228954 1 42 1 3 508320
Rx 0.228975 1 43 1 3 645760
Rx 0.228996 1 44 1 3 641600
Tx 0.229408 1 41 1 3 
Tx 0.229417 1 42 1 3 
Tx 0.229437 1 44 1 3 
Tx 0.229517 1 43 1 3 
Rx 0.232008 1 41 1 3 2600000
Rx 0.232017 1 44 1 3 2579200
Rx 0.232121 1 43 1 3 2604160
Rx 0.232308 1 42 1 3 2891680
Rx 0.309529 1 58 1 4 600000
Rx 0.309554 1 59 1 4 612480
Rx 0.309579 1 60 1 4 624960
Rx 0.309625 1 61 1 4 600000
Rx 0.309646 1 62 1 4 600000
Rx 0.309662 1 63 1 4 600000
Rx 0.309679 1 64 1 4 600000
Rx 0.309696 1 65 1 4 600000
Rx 0.310617 1 58 1 3 587520
Rx 0.310625 1 60 1 3 570880
Rx 0.310708 1 61 1 3 600000
Rx 0.310712 1 62 1 3 600000
Rx 0.310717 1 63 1 3 591680
Rx 0.310721 1 64 1 3 587520
Rx 0.311012 1 65 1 3 866720
Tx 0.329021 1 60 1 3 
Tx 0.329033 1 61 1 3 
Tx 0.329046 1 62 1 3 
Tx 0.329058 1 63 1 3 
Tx 0.329071 1 64 1 3 
Tx 0.329083 1 65 1 3 
Tx 0.329096 1 58 1 3 
Rx 0.329529 1 58 1 3 433440
Tx 0.330025 1 58 1 3 
Rx 0.330121 1 59 1 3 10462560
Rx 0.330133 1 60 1 3 1112480
Rx 0.330146 1 61 1 3 1112480
Rx 0.330158 1 62 1 3 1112480
Rx 0.330171 1 63 1 3 1112480
Rx 0.330183 1 64 1 3 1112480
Rx 0.330196 1 65 1 3 1112480
Tx 0.330621 1 61 1 3 
Tx 0.330625 1 62 1 3 
Tx 0.330633 1 63 1 3 
Tx 0.330642 1 64 1 3 
Tx 0.330654 1 65 1 3 
Rx 0.330667 1 58 1 3 641600
Tx 0.330717 1 60 1 3 
Tx 0.34025 1 59 1 3 
Rx 0.340525 1 60 1 3 9808320
Rx 0.340529 1 61 1 3 9908320
Rx 0.340537 1 63 1 3 9904160
Rx 0.340542 1 64 1 3 9900000
Rx 0.340821 1 62 1 3 10195840
Rx 0.340829 1 65 1 3 10175040
Rx 0.351129 1 59 1 3 10879200
Rx 0.413929 1 71 1 4 583360
Rx 0.413954 1 72 1 4 591680
Rx 0.413979 1 74 1 4 583360
Rx 0.414454 1 73 1 4 612480
Rx 0.415008 1 71 1 3 600000
Rx 0.415017 1 72 1 3 591680
Rx 0.415021 1 74 1 3 591680
Rx 0.427029 1 73 1 3 2870880
Tx 0.433337 1 71 1 3 
Tx 0.433367 1 72 1 3 
Tx 0.433396 1 74 1 3 
Rx 0.433929 1 72 1 3 562560
Rx 0.433954 1 71 1 3 616640
Tx 0.434437 1 72 1 3 
Tx 0.434475 1 73 1 3 
Tx 0.434479 1 71 1 3 
Rx 0.437008 1 71 1 3 2529280
Rx 0.437021 1 72 1 3 2583360
Rx 0.437333 1 73 1 3 2858400
Rx 0.437358 1 74 1 3 3962560
Tx 0.437808 1 74 1 3 
Rx 0.440408 1 74 1 3 2600000
Tx 0.44475 1 73 1 3 
Rx 0.450229 1 73 1 3 5479200
